C31/C17d-C31.1	87425	0	0.21097183542246867	0.5392269115963261	0.32910677233069174	1.0	1.0	1.0	1.0	1.0	1.0	1.0	1.0	0.40522784316470506	0.4576462706118816	1.0	1.0	1.0	0.4837603247935041	1.0	0.19612411627651172	0.2863342733145337	1.0	1.0	1.0	1.0	1.0	0.24138896527586812	0.3260802175934722	1.0	1.0
C31/C17d	87435	0.21097183542246867	0	0.5392246077539224	0.28488430231395373	1.0	1.0	1.0	1.0	1.0	1.0	1.0	1.0	0.3022574435639109	0.2782780430489238	1.0	1.0	1.0	0.4837577436338455	1.0	0.3062873428164296	0.20564191537126944	1.0	1.0	1.0	1.0	1.0	0.3008139837203256	0.3082572935676608	1.0	1.0
C1d/C31	87436	0.5392269115963261	0.5392246077539224	0	0.5475190496190077	1.0	1.0	1.0	1.0	1.0	1.0	1.0	1.0	0.6236394090147747	0.6760580985475363	1.0	0.46077808832867506	0.46077808832867506	0.6529552056719149	1.0	0.5392315192120197	0.5392269115963261	1.0	0.46077539224607755	1.0	1.0	1.0	0.5392292154156917	0.5444913877153071	0.6727565448691026	0.752294954100918
C31/C17d-C21-C31.9-C31h-C31i-C21ac	87823	0.32910677233069174	0.28488430231395373	0.5475190496190077	0	1.0	1.0	1.0	1.0	0.9691607709807255	1.0	1.0	1.0	0.18385856495022673	0.24642637507687232	1.0	1.0	1.0	0.40263493412664686	1.0	0.3143239986600469	0.10124246893827654	1.0	1.0	1.0	1.0	1.0	0.222013339599812	0.16421925232616857	1.0	1.0
C1/C3-C1c-C1b-C1w-C42.2	87697	1.0	1.0	1.0	1.0	0	1.0	1.0	1.0	0.9568910777230569	0.12991175220619486	0.06319278825241116	1.0	1.0	1.0	0.4920377786777463	0.8625434364140896	0.934201644958876	1.0	0.40980180396392074	1.0	1.0	0.580750481237969	0.8278034439311214	0.469361225550978	0.4872853814385568	1.0	1.0	1.0	0.9394318170454886	0.6035518934431967
C15-C15n	87320	1.0	1.0	1.0	1.0	1.0	0	0.23392532149357012	0.6640933590664093	1.0	1.0	1.0	0.25781484370312596	1.0	1.0	1.0	1.0	1.0	0.6403753943690844	1.0	1.0	1.0	0.6761448578271326	1.0	1.0	1.0	1.0	1.0	1.0	1.0	1.0
C15-C15ci-C15n-C15cj-C15cc-C15cl-C15l	87706	1.0	1.0	1.0	1.0	1.0	0.23392532149357012	0	0.6640967180656386	1.0	1.0	1.0	0.13617591472255833	1.0	1.0	1.0	1.0	1.0	0.6022699432514187	1.0	1.0	1.0	0.6761480962975925	1.0	1.0	1.0	1.0	1.0	1.0	1.0	1.0
C15h/C15	87327	1.0	1.0	1.0	1.0	1.0	0.6640933590664093	0.6640967180656386	0	1.0	1.0	1.0	0.6640967180656386	1.0	1.0	1.0	1.0	1.0	0.6640950385744214	1.0	1.0	1.0	0.6761448578271326	1.0	1.0	1.0	0.3359033204833976	1.0	1.0	1.0	1.0
C27-C3-C21-C27a	87073	1.0	1.0	1.0	0.9691607709807255	0.9568910777230569	1.0	1.0	1.0	0	1.0	0.9580112596622101	1.0	0.9691609251722448	0.9691609251722448	0.928472145835625	1.0	1.0	0.9691606167876643	0.928471072933906	0.9691609251722448	0.9691606167876643	0.9284714305713886	1.0	0.9587214447494338	0.954251143721407	1.0	0.9691607709807255	0.9691609251722448	1.0	0.9750406239844004
C1/C1c-C1b-C1al-C72k	87720	1.0	1.0	1.0	1.0	0.12991175220619486	1.0	1.0	1.0	1.0	0	0.0814675559733208	1.0	1.0	1.0	0.5685329440116796	0.881442371152577	0.9531009379812404	1.0	0.4529082063769043	1.0	1.0	0.6572468550628987	0.846702299465508	0.5629252976145835	0.5826804329891753	1.0	1.0	1.0	0.9583310417239569	0.6807979800504987
C1/C3-C1c-C1b-C72k-C42.2	87721	1.0	1.0	1.0	1.0	0.06319278825241116	1.0	1.0	1.0	0.9580112596622101	0.0814675559733208	0	1.0	1.0	1.0	0.5171893124275029	0.8660640180794577	0.9377218683439497	1.0	0.41092472688182796	1.0	1.0	0.6059018229453116	0.8313242168945776	0.4969126389312481	0.5159569415070473	1.0	1.0	1.0	0.9429519966801162	0.631102911398101
C15-C15ci-C15cj-C15cm-C15ch-C15n-C15ck	87731	1.0	1.0	1.0	1.0	1.0	0.25781484370312596	0.13617591472255833	0.6640967180656386	1.0	1.0	1.0	0	1.0	1.0	1.0	1.0	1.0	0.6403789905252368	1.0	1.0	1.0	0.6761480962975925	1.0	1.0	1.0	1.0	1.0	1.0	1.0	1.0
C31/C17d-C21-C21ac-C31a-C17e-C31.9-C17f	87732	0.40522784316470506	0.3022574435639109	0.6236394090147747	0.18385856495022673	1.0	1.0	1.0	1.0	0.9691609251722448	1.0	1.0	1.0	0	0.10571577136914523	1.0	1.0	1.0	0.40263792086237415	1.0	0.3171773129074837	0.12737617871463855	1.0	1.0	1.0	1.0	1.0	0.23883664071757488	0.16953321867125315	1.0	1.0
C17d/C31-C21-C21ac-C17e-C17f-C31.9	87733	0.4576462706118816	0.2782780430489238	0.6760580985475363	0.24642637507687232	1.0	1.0	1.0	1.0	0.9691609251722448	1.0	1.0	1.0	0.10571577136914523	0	1.0	1.0	1.0	0.4257372278831635	1.0	0.40375384984600615	0.1883843484695459	1.0	1.0	1.0	1.0	1.0	0.3328433504827331	0.2592096316147354	1.0	1.0
C1/C1b-C1u-C3-C1bo	87232	1.0	1.0	1.0	1.0	0.4920377786777463	1.0	1.0	1.0	0.928472145835625	0.5685329440116796	0.5171893124275029	1.0	1.0	1.0	0	0.8814435566932992	0.9531014069577912	1.0	0.4766630834229144	1.0	1.0	0.41207763767086986	0.8467038324041899	0.4607642656080476	0.4991675291364802	1.0	1.0	1.0	0.9583314583989561	0.6085237016704416
C1d/C42.2/C1-C1k-C1b	87746	1.0	1.0	0.46077808832867506	1.0	0.8625434364140896	1.0	1.0	1.0	1.0	0.881442371152577	0.8660640180794577	1.0	1.0	1.0	0.8814435566932992	0	0.23100537989240216	1.0	0.9038214426783598	1.0	1.0	0.881442371152577	0.06837397439038415	0.6970006049788258	0.6969975750606234	1.0	1.0	1.0	0.4204444888877778	0.4492937676558086
C1d-C1df-C42.2-C1	87747	1.0	1.0	0.46077808832867506	1.0	0.934201644958876	1.0	1.0	1.0	1.0	0.9531009379812404	0.9377218683439497	1.0	1.0	1.0	0.9531014069577912	0.23100537989240216	0	1.0	0.9531007034894476	1.0	1.0	0.9531009379812404	0.21975170372444414	0.9018034368797092	0.9018024549386265	1.0	1.0	1.0	0.5797905052373691	0.6540986475338116
C15/C31/C17d-C21-C15cl	87384	0.4837603247935041	0.4837577436338455	0.6529552056719149	0.40263493412664686	1.0	0.6403753943690844	0.6022699432514187	0.6640950385744214	0.9691606167876643	1.0	1.0	0.6403789905252368	0.40263792086237415	0.4257372278831635	1.0	1.0	1.0	0	1.0	0.445806625801226	0.4026319473610528	0.6761464770704586	1.0	1.0	1.0	1.0	0.40263493412664686	0.40263792086237415	1.0	1.0
C1/C3	87257	1.0	1.0	1.0	1.0	0.40980180396392074	1.0	1.0	1.0	0.928471072933906	0.4529082063769043	0.41092472688182796	1.0	1.0	1.0	0.4766630834229144	0.9038214426783598	0.9531007034894476	1.0	0	1.0	1.0	0.4771578426323605	0.8467015329846701	0.554423367298981	0.5697086058278834	1.0	1.0	1.0	0.9583308333833324	0.6886162276754465
C31-C17d-C31.1-C31a-C21-C17e-C21ac	87130	0.19612411627651172	0.3062873428164296	0.5392315192120197	0.3143239986600469	1.0	1.0	1.0	1.0	0.9691609251722448	1.0	1.0	1.0	0.3171773129074837	0.40375384984600615	1.0	1.0	1.0	0.445806625801226	1.0	0	0.2715518534443967	1.0	1.0	1.0	1.0	1.0	0.1280305189318374	0.23891044358225672	1.0	1.0
C31/C17d-C21-C21ac-C31.9	87388	0.2863342733145337	0.20564191537126944	0.5392269115963261	0.10124246893827654	1.0	1.0	1.0	1.0	0.9691606167876643	1.0	1.0	1.0	0.12737617871463855	0.1883843484695459	1.0	1.0	1.0	0.4026319473610528	1.0	0.2715518534443967	0	1.0	1.0	1.0	1.0	1.0	0.1611009724756881	0.13918582442526725	1.0	1.0
C15/C1/C3/C1b	87776	1.0	1.0	1.0	1.0	0.580750481237969	0.6761448578271326	0.6761480962975925	0.6761448578271326	0.9284714305713886	0.6572468550628987	0.6059018229453116	0.6761480962975925	1.0	1.0	0.41207763767086986	0.881442371152577	0.9531009379812404	0.6761464770704586	0.4771578426323605	1.0	1.0	0	0.846702299465508	0.5494757683481079	0.5737306567335817	1.0	1.0	1.0	0.9583310417239569	0.6085197870053248
C1d/C42.2/C1	87143	1.0	1.0	0.46077539224607755	1.0	0.8278034439311214	1.0	1.0	1.0	1.0	0.846702299465508	0.8313242168945776	1.0	1.0	1.0	0.8467038324041899	0.06837397439038415	0.21975170372444414	1.0	0.8467015329846701	1.0	1.0	0.846702299465508	0	0.6820595382138536	0.6820563588728226	1.0	1.0	1.0	0.4664406711865763	0.4343513129737405
C1/C42.2/C3cg/C1j-C1b-C3-C1au-C45c-C115k	87786	1.0	1.0	1.0	1.0	0.469361225550978	1.0	1.0	1.0	0.9587214447494338	0.5629252976145835	0.4969126389312481	1.0	1.0	1.0	0.4607642656080476	0.6970006049788258	0.9018034368797092	1.0	0.554423367298981	1.0	1.0	0.5494757683481079	0.6820595382138536	0	0.21517139314427422	1.0	1.0	1.0	0.7101115955361785	0.2688292468301268
C42.2/C1-C1b-C3-C1au	87277	1.0	1.0	1.0	1.0	0.4872853814385568	1.0	1.0	1.0	0.954251143721407	0.5826804329891753	0.5159569415070473	1.0	1.0	1.0	0.4991675291364802	0.6969975750606234	0.9018024549386265	1.0	0.5697086058278834	1.0	1.0	0.5737306567335817	0.6820563588728226	0.21517139314427422	0	1.0	1.0	1.0	0.6649400517984461	0.39841804745857623
C15h	87149	1.0	1.0	1.0	1.0	1.0	1.0	1.0	0.3359033204833976	1.0	1.0	1.0	1.0	1.0	1.0	1.0	1.0	1.0	1.0	1.0	1.0	1.0	1.0	1.0	1.0	1.0	0	1.0	1.0	1.0	1.0
C31-C17d-C21-C21ac-C31.1-C31a	87408	0.24138896527586812	0.3008139837203256	0.5392292154156917	0.222013339599812	1.0	1.0	1.0	1.0	0.9691607709807255	1.0	1.0	1.0	0.23883664071757488	0.3328433504827331	1.0	1.0	1.0	0.40263493412664686	1.0	0.1280305189318374	0.1611009724756881	1.0	1.0	1.0	1.0	1.0	0	0.13660021899233526	1.0	1.0
C31-C17d-C21-C31a-C21ac-C31g	87409	0.3260802175934722	0.3082572935676608	0.5444913877153071	0.16421925232616857	1.0	1.0	1.0	1.0	0.9691609251722448	1.0	1.0	1.0	0.16953321867125315	0.2592096316147354	1.0	1.0	1.0	0.40263792086237415	1.0	0.23891044358225672	0.13918582442526725	1.0	1.0	1.0	1.0	1.0	0.13660021899233526	0	1.0	1.0
C1d-C42.2-C1ag-C1k-C42ax-C42ay-C1	87410	1.0	1.0	0.6727565448691026	1.0	0.9394318170454886	1.0	1.0	1.0	1.0	0.9583310417239569	0.9429519966801162	1.0	1.0	1.0	0.9583314583989561	0.4204444888877778	0.5797905052373691	1.0	0.9583308333833324	1.0	1.0	0.9583310417239569	0.4664406711865763	0.7101115955361785	0.6649400517984461	1.0	1.0	1.0	0	0.5141645750627482
C1/C1d/C42.2/C3-C1b-C3cg-C45c-C115k-C1au-C41p	87285	1.0	1.0	0.752294954100918	1.0	0.6035518934431967	1.0	1.0	1.0	0.9750406239844004	0.6807979800504987	0.631102911398101	1.0	1.0	1.0	0.6085237016704416	0.4492937676558086	0.6540986475338116	1.0	0.6886162276754465	1.0	1.0	0.6085197870053248	0.4343513129737405	0.2688292468301268	0.39841804745857623	1.0	1.0	1.0	0.5141645750627482	0
