C31/C17d-C31.1	87425	0.0	0.002270065035011137	0.013468212267426633	0.00394508395300952	0.005229752354598884	0.005980079934205099	0.01425668844911189	0.0018291415014561865	0.004206455993481304	0.0034146385878202766	0.004425895046572094	0.024255939294181163	0.025516404460217353	0.02406697540586279	0.02461874099194904	0.021198863231953892	0.02168713009573085	0.018707961416651625	0.01914002598388322	0.018727273496297735	0.01853039594514097	0.016523034029610417	0.02116838697479504	0.019559292606610604	0.0199724001480722	0.02999086821485189	0.03227519934448762	0.032302803934809894	0.03381527765393168	0.033583937666236754
C31/C17d	87435	0.002270065035011137	0.0	0.011198569033926607	0.0019777440417350087	0.002960023842592783	0.003710158227938165	0.011987045215611863	0.0028220169258856877	0.0019367977629806774	0.002649721906621467	0.0021581986036102573	0.021986296060681133	0.023246761226717327	0.021797332172362762	0.022349097758449014	0.01892921999845387	0.01941748686223083	0.0164383181831516	0.016870382750383193	0.016457630262797705	0.016260752711640944	0.014253390796110387	0.018898743741295014	0.017289649373110578	0.01770275691457217	0.02772122498135186	0.030005556110987597	0.030033160701309868	0.03154563442043165	0.03131429443273673
C1d/C31	87436	0.013468212267426633	0.011198569033926607	0.0	0.010888036050792395	0.009747746188910547	0.010407555048807669	0.013967307534791874	0.012703520027232067	0.009908168502659586	0.011004973877147092	0.01035489664378755	0.01078772702675453	0.012048192192790722	0.010598763138436157	0.011150952812994296	0.010677976480605127	0.02054007484578855	0.013313819016072892	0.013889816056222613	0.013359785257370502	0.01328018601748036	0.011272824101949807	0.01649533796507861	0.012418349313276263	0.011228971949112982	0.02883911676490351	0.031123447894539243	0.031151052484861514	0.032663526203983294	0.03243218621628837
C31/C17d-C21-C31.9-C31h-C31i-C21ac	87823	0.00394508395300952	0.0019777440417350087	0.010888036050792395	0.0	0.0021146378038084763	0.002943044280820663	0.011676333011478565	0.0029762733993202646	0.0010411118741026266	0.0017349767750462473	0.0015435099467413032	0.02167574620784245	0.022936211373878645	0.021486782319524077	0.022038547905610332	0.018618670145615183	0.019106976699175098	0.016127768330312917	0.016559832897544507	0.016147080409959023	0.015950202858802262	0.013942840943271702	0.01858819388845633	0.016979099520271893	0.01739220706173349	0.027410675128513178	0.029695006258148915	0.02972261084847118	0.031235084567592962	0.03100374457989804
C31/C17d-C21-C21ac-C31a-C17e-C31.9-C17f	87732	0.005229752354598884	0.002960023842592783	0.009747746188910547	0.0021146378038084763	0.0	0.001160546593765485	0.010362830466766452	0.0036950113667233034	0.001088543605141982	0.002210779448228641	0.0017188833895341858	0.020362243663130337	0.021622708829166528	0.020173279774811963	0.020725045360898215	0.017305167600903067	0.01779357311487882	0.014814265785600801	0.015246330352832394	0.01483357786524691	0.014636700314090145	0.012629338398559588	0.017274691343744212	0.01566559697555978	0.016078704517021376	0.026097172583801065	0.028381503713436798	0.028409108303759065	0.029921582022880845	0.029690242035185922
C17d/C31-C21-C21ac-C17e-C17f-C31.9	87733	0.005980079934205099	0.003710158227938165	0.010407555048807669	0.002943044280820663	0.001160546593765485	0.0	0.009443876114535638	0.004707776114735579	0.0019051830519014486	0.0031910813322403287	0.0026991276507287608	0.019395524423425764	0.020655989589461958	0.01920656053510739	0.01975832612119364	0.016338448361198497	0.016826874130133344	0.013847546545896232	0.014279611113127824	0.013866858625542338	0.013669981074385575	0.011662619158855018	0.016307972104039645	0.014698877735855207	0.015111985277316806	0.02513045334409649	0.027414784473732228	0.027442389064054495	0.02895486278317628	0.028723522795481356
C15/C31/C17d-C21-C15cl	87384	0.01425668844911189	0.011987045215611863	0.013967307534791874	0.011676333011478565	0.010362830466766452	0.009443876114535638	0.0	0.013491920231710487	0.010696482333050232	0.01179328770753774	0.011143189129811232	0.023002962220756568	0.02426342738679276	0.022813998332438197	0.02336576391852444	0.019945886158529297	0.02043774646846757	0.017454984343227033	0.017887048910458628	0.01747429642287314	0.017277418871716375	0.01527005695618582	0.009987122178754968	0.018306315533186006	0.018719423074647606	0.016392455539787788	0.01809359054185765	0.018704352337036042	0.020216778804719816	0.01998615800126962
C31-C17d-C31.1-C31a-C21-C17e-C21ac	87130	0.0018291415014561865	0.0028220169258856877	0.012703520027232067	0.0029762733993202646	0.0036950113667233034	0.004707776114735579	0.013491920231710487	0.0	0.0032376454397920486	0.0019951610561331594	0.0029003866126469102	0.023491247053986596	0.02475171222002279	0.023302283165668226	0.023854048751754477	0.020434170991759332	0.020922376067893822	0.017943269176457062	0.018375333743688656	0.017962581256103168	0.017765703704946408	0.01575834178941585	0.020403694734600478	0.01879460036641604	0.019207707907877635	0.029226175974657324	0.03151050710429307	0.03153811169461533	0.03305058541373711	0.032819245426042185
C31/C17d-C21-C21ac-C31.9	87388	0.004206455993481304	0.0019367977629806774	0.009908168502659586	0.0010411118741026266	0.001088543605141982	0.0019051830519014486	0.010696482333050232	0.0032376454397920486	0.0	0.0015943115752379915	0.0011027248981534772	0.020695895529414116	0.021956360695450306	0.02050693164109574	0.021058697227181993	0.017638819467186848	0.01812719810860828	0.015147917651884581	0.015579982219116172	0.01516722973153069	0.014970352180373925	0.012962990264843367	0.017608343210027994	0.015999248841843557	0.016412356383305154	0.026430824450084843	0.028715155579720576	0.028742760170042847	0.03025523388916463	0.030023893901469704
C31-C17d-C21-C21ac-C31.1-C31a	87408	0.0034146385878202766	0.002649721906621467	0.011004973877147092	0.0017349767750462473	0.002210779448228641	0.0031910813322403287	0.01179328770753774	0.0019951610561331594	0.0015943115752379915	0.0	0.0011044529711111582	0.021792700903901622	0.023053166069937812	0.021603737015583248	0.0221555026016695	0.018735624841674355	0.01922402341876675	0.016244723026372088	0.01667678759360368	0.016264035106018194	0.016067157554861433	0.014059795639330876	0.0187051485845155	0.017096054216331064	0.01750916175779266	0.02752762982457235	0.029811960954208086	0.029839565544530353	0.03135203926365213	0.03112069927595721
C31-C17d-C21-C31a-C21ac-C31g	87409	0.004425895046572094	0.0021581986036102573	0.01035489664378755	0.0015435099467413032	0.0017188833895341858	0.0026991276507287608	0.011143189129811232	0.0029003866126469102	0.0011027248981534772	0.0011044529711111582	0.0	0.021142602326175118	0.02240306749221131	0.020953638437856744	0.021505404023942996	0.018085526263947847	0.018573989354892812	0.015594624448645582	0.016026689015877175	0.01561393652829169	0.015417058977134928	0.013409697061604369	0.018055050006788996	0.01644595563860456	0.016859063180066157	0.026877531246845845	0.02916186237648158	0.02918946696680385	0.030701940685925626	0.030470600698230703
C1d/C42.2/C1-C1k-C1b	87746	0.024255939294181163	0.021986296060681133	0.01078772702675453	0.02167574620784245	0.020362243663130337	0.019395524423425764	0.023002962220756568	0.023491247053986596	0.020695895529414116	0.021792700903901622	0.021142602326175118	0.0	0.001261722247206698	0.00018946787721162592	0.0013481960559836234	0.004391395377842192	0.01706951079669066	0.006663863144852159	0.006911612773785243	0.006700723298935933	0.007249806115606878	0.007738230237212457	0.01301945111978604	0.006235182629868795	0.004598113982655574	0.02536394517655955	0.027648276306195284	0.027675880896517555	0.02918835461563933	0.02895701462794441
C1d-C1df-C42.2-C1	87747	0.025516404460217353	0.023246761226717327	0.012048192192790722	0.022936211373878645	0.021622708829166528	0.020655989589461958	0.02426342738679276	0.02475171222002279	0.021956360695450306	0.023053166069937812	0.02240306749221131	0.001261722247206698	0.0	0.0014509465026097388	0.0020630330801516264	0.005653065235526794	0.01832997596272685	0.007925000329589298	0.008172749958522383	0.007961860483673073	0.008510943300344019	0.008999277839866014	0.014280588304523181	0.007496852487553397	0.005859783840340176	0.02662441034259574	0.028908741472231474	0.028936346062553745	0.030448819781675525	0.030217479793980602
C1d/C42.2/C1	87143	0.02406697540586279	0.021797332172362762	0.010598763138436157	0.021486782319524077	0.020173279774811963	0.01920656053510739	0.022813998332438197	0.023302283165668226	0.02050693164109574	0.021603737015583248	0.020953638437856744	0.00018946787721162592	0.0014509465026097388	0.0	0.0014238162047391673	0.004202118732917055	0.016880546908372287	0.006474507381624095	0.00672225701055718	0.006511367535707869	0.0070604503523788165	0.0075487848919008095	0.012830095356557977	0.006045905984943659	0.004408837337730437	0.025174981288241173	0.02745931241787691	0.02748691700819918	0.02899939072732096	0.028768050739626037
C1d-C42.2-C1ag-C1k-C42ax-C42ay-C1	87410	0.02461874099194904	0.022349097758449014	0.011150952812994296	0.022038547905610332	0.020725045360898215	0.01975832612119364	0.02336576391852444	0.023854048751754477	0.021058697227181993	0.0221555026016695	0.021505404023942996	0.0013481960559836234	0.0020630330801516264	0.0014238162047391673	0.0	0.004754873417711299	0.017432312494458535	0.007027388939488155	0.007275138568421239	0.00706424909357193	0.007613331910242874	0.00810166644976487	0.01338297691442204	0.006598453474055455	0.004961010039998001	0.025726746874327425	0.02801107800396316	0.02803868259428543	0.02955115631340721	0.02931981632571229
C1/C1d/C42.2/C3-C1b-C3cg-C45c-C115k-C1au-C41p	87285	0.021198863231953892	0.01892921999845387	0.010677976480605127	0.018618670145615183	0.017305167600903067	0.016338448361198497	0.019945886158529297	0.020434170991759332	0.017638819467186848	0.018735624841674355	0.018085526263947847	0.004391395377842192	0.005653065235526794	0.004202118732917055	0.004754873417711299	0.0	0.0140123847594509	0.003967796315602268	0.004544076243234271	0.0040138967166519525	0.0041898240486735044	0.004678571581698747	0.00995966828928724	0.002129390536390982	0.0018155700873096513	0.02230718335721084	0.02459151448684658	0.024619119077168843	0.026131592796290626	0.025900252808595703
C27-C3-C21-C27a	87073	0.02168713009573085	0.01941748686223083	0.02054007484578855	0.019106976699175098	0.01779357311487882	0.016826874130133344	0.02043774646846757	0.020922376067893822	0.01812719810860828	0.01922402341876675	0.018573989354892812	0.01706951079669066	0.01832997596272685	0.016880546908372287	0.017432312494458535	0.0140123847594509	0.0	0.011521446545073354	0.011953597486392721	0.011540761023999676	0.011343824276284744	0.009336462360754187	0.01398181530593881	0.012372781542146893	0.012785880078053459	0.02280443971736139	0.02508877084699712	0.025116375437319392	0.026628849156441172	0.02639750916874625
C1/C3-C1c-C1b-C1w-C42.2	87697	0.018707961416651625	0.0164383181831516	0.013313819016072892	0.016127768330312917	0.014814265785600801	0.013847546545896232	0.017454984343227033	0.017943269176457062	0.015147917651884581	0.016244723026372088	0.015594624448645582	0.006663863144852159	0.007925000329589298	0.006474507381624095	0.007027388939488155	0.003967796315602268	0.011521446545073354	0.0	0.0008405986395734236	0.0003103851131960411	0.0016971228142715717	0.002185746922362498	0.007468550261962033	0.002430439006567407	0.002396665718244527	0.019816053673117787	0.022100384802753524	0.02212798939307579	0.02364046311219757	0.023409123124502648
C1/C1c-C1b-C1al-C72k	87720	0.01914002598388322	0.016870382750383193	0.013889816056222613	0.016559832897544507	0.015246330352832394	0.014279611113127824	0.017887048910458628	0.018375333743688656	0.015579982219116172	0.01667678759360368	0.016026689015877175	0.006911612773785243	0.008172749958522383	0.00672225701055718	0.007275138568421239	0.004544076243234271	0.011953597486392721	0.0008405986395734236	0.0	0.0005302429706934579	0.0021293619114877023	0.002617897863681867	0.007900789359178165	0.003006751526160128	0.0029729128657055843	0.02024803186626161	0.022532362995897344	0.022559967586219615	0.02407244130534139	0.023841101317646468
C1/C3-C1c-C1b-C72k-C42.2	87721	0.018727273496297735	0.016457630262797705	0.013359785257370502	0.016147080409959023	0.01483357786524691	0.013866858625542338	0.01747429642287314	0.017962581256103168	0.01516722973153069	0.016264035106018194	0.01561393652829169	0.006700723298935933	0.007961860483673073	0.006511367535707869	0.00706424909357193	0.0040138967166519525	0.011540761023999676	0.0003103851131960411	0.0005302429706934579	0.0	0.0017164882779024822	0.0022050614012888202	0.007487915725592945	0.002476539407617092	0.0024426993393282014	0.019835363353483678	0.022119694483119415	0.022147299073441682	0.023659772792563462	0.02342843280486854
C1/C1b-C1u-C3-C1bo	87232	0.01853039594514097	0.016260752711640944	0.01328018601748036	0.015950202858802262	0.014636700314090145	0.013669981074385575	0.017277418871716375	0.017765703704946408	0.014970352180373925	0.016067157554861433	0.015417058977134928	0.007249806115606878	0.008510943300344019	0.0070604503523788165	0.007613331910242874	0.0041898240486735044	0.011343824276284744	0.0016971228142715717	0.0021293619114877023	0.0017164882779024822	0.0	0.002008909024926795	0.007290473057688462	0.002548890870032605	0.0029626681556007943	0.019638651177649333	0.021922982307285066	0.021950586897607337	0.023463060616729113	0.023231720629034194
C1/C3	87257	0.016523034029610417	0.014253390796110387	0.011272824101949807	0.013942840943271702	0.012629338398559588	0.011662619158855018	0.01527005695618582	0.01575834178941585	0.012962990264843367	0.014059795639330876	0.013409697061604369	0.007738230237212457	0.008999277839866014	0.0075487848919008095	0.00810166644976487	0.004678571581698747	0.009336462360754187	0.002185746922362498	0.002617897863681867	0.0022050614012888202	0.002008909024926795	0.0	0.005284028449287421	0.0030379521560229333	0.003451442570798558	0.01763194582139786	0.019916276951033596	0.019943881541355866	0.021456355260477643	0.02122501527278272
C15/C1/C3/C1b	87776	0.02116838697479504	0.018898743741295014	0.01649533796507861	0.01858819388845633	0.017274691343744212	0.016307972104039645	0.009987122178754968	0.020403694734600478	0.017608343210027994	0.0187051485845155	0.018055050006788996	0.01301945111978604	0.014280588304523181	0.012830095356557977	0.01338297691442204	0.00995966828928724	0.01398181530593881	0.007468550261962033	0.007900789359178165	0.007487915725592945	0.007290473057688462	0.005284028449287421	0.0	0.00831987968773615	0.008732982687935709	0.012348530849414978	0.014632861979050714	0.014660466569372982	0.01617294028849476	0.015942247971265748
C1/C42.2/C3cg/C1j-C1b-C3-C1au-C45c-C115k	87786	0.019559292606610604	0.017289649373110578	0.012418349313276263	0.016979099520271893	0.01566559697555978	0.014698877735855207	0.018306315533186006	0.01879460036641604	0.015999248841843557	0.017096054216331064	0.01644595563860456	0.006235182629868795	0.007496852487553397	0.006045905984943659	0.006598453474055455	0.002129390536390982	0.012372781542146893	0.002430439006567407	0.003006751526160128	0.002476539407617092	0.002548890870032605	0.0030379521560229333	0.00831987968773615	0.0	0.001640238953478817	0.02066763455456276	0.022951965684198494	0.022979570274520765	0.02449204399364254	0.02426070400594762
C42.2/C1-C1b-C3-C1au	87277	0.0199724001480722	0.01770275691457217	0.011228971949112982	0.01739220706173349	0.016078704517021376	0.015111985277316806	0.018719423074647606	0.019207707907877635	0.016412356383305154	0.01750916175779266	0.016859063180066157	0.004598113982655574	0.005859783840340176	0.004408837337730437	0.004961010039998001	0.0018155700873096513	0.012785880078053459	0.002396665718244527	0.0029729128657055843	0.0024426993393282014	0.0029626681556007943	0.003451442570798558	0.008732982687935709	0.001640238953478817	0.0	0.02108049760297883	0.023364828732614563	0.023392433322936834	0.024904907042058614	0.02467356705436369
C15-C15n	87320	0.02999086821485189	0.02772122498135186	0.02883911676490351	0.027410675128513178	0.026097172583801065	0.02513045334409649	0.016392455539787788	0.029226175974657324	0.026430824450084843	0.02752762982457235	0.026877531246845845	0.02536394517655955	0.02662441034259574	0.025174981288241173	0.025726746874327425	0.02230718335721084	0.02280443971736139	0.019816053673117787	0.02024803186626161	0.019835363353483678	0.019638651177649333	0.01763194582139786	0.012348530849414978	0.02066763455456276	0.02108049760297883	0.0	0.002368645766596148	0.0027539154611838815	0.004011157259457322	0.0040357211254174585
C15-C15ci-C15n-C15cj-C15cc-C15cl-C15l	87706	0.03227519934448762	0.030005556110987597	0.031123447894539243	0.029695006258148915	0.028381503713436798	0.027414784473732228	0.01809359054185765	0.03151050710429307	0.028715155579720576	0.029811960954208086	0.02916186237648158	0.027648276306195284	0.028908741472231474	0.02745931241787691	0.02801107800396316	0.02459151448684658	0.02508877084699712	0.022100384802753524	0.022532362995897344	0.022119694483119415	0.021922982307285066	0.019916276951033596	0.014632861979050714	0.022951965684198494	0.023364828732614563	0.002368645766596148	0.0	0.005037632205221696	0.002568368341786717	0.006319437869455272
C15h/C15	87327	0.032302803934809894	0.030033160701309868	0.031151052484861514	0.02972261084847118	0.028409108303759065	0.027442389064054495	0.018704352337036042	0.03153811169461533	0.028742760170042847	0.029839565544530353	0.02918946696680385	0.027675880896517555	0.028936346062553745	0.02748691700819918	0.02803868259428543	0.024619119077168843	0.025116375437319392	0.02212798939307579	0.022559967586219615	0.022147299073441682	0.021950586897607337	0.019943881541355866	0.014660466569372982	0.022979570274520765	0.023392433322936834	0.0027539154611838815	0.005037632205221696	0.0	0.006577213875080698	0.0012818056642335764
C15-C15ci-C15cj-C15cm-C15ch-C15n-C15ck	87731	0.03381527765393168	0.03154563442043165	0.032663526203983294	0.031235084567592962	0.029921582022880845	0.02895486278317628	0.020216778804719816	0.03305058541373711	0.03025523388916463	0.03135203926365213	0.030701940685925626	0.02918835461563933	0.030448819781675525	0.02899939072732096	0.02955115631340721	0.026131592796290626	0.026628849156441172	0.02364046311219757	0.02407244130534139	0.023659772792563462	0.023463060616729113	0.021456355260477643	0.01617294028849476	0.02449204399364254	0.024904907042058614	0.004011157259457322	0.002568368341786717	0.006577213875080698	0.0	0.007859019539314274
C15h	87149	0.033583937666236754	0.03131429443273673	0.03243218621628837	0.03100374457989804	0.029690242035185922	0.028723522795481356	0.01998615800126962	0.032819245426042185	0.030023893901469704	0.03112069927595721	0.030470600698230703	0.02895701462794441	0.030217479793980602	0.028768050739626037	0.02931981632571229	0.025900252808595703	0.02639750916874625	0.023409123124502648	0.023841101317646468	0.02342843280486854	0.023231720629034194	0.02122501527278272	0.015942247971265748	0.02426070400594762	0.02467356705436369	0.0040357211254174585	0.006319437869455272	0.0012818056642335764	0.007859019539314274	0.0
