C31/C17d-C31.1	87425	0	0.24531132033019504	0.5218971715424269	0.4925752227433177	1.0	1.0	1.0	1.0	1.0	1.0	1.0	1.0	0.514906978255761	0.481385558433247	1.0	1.0	1.0	0.5229219269518262	1.0	0.37034259314813706	0.372492550148997	1.0	1.0	1.0	1.0	1.0	0.376945576360591	0.47390315242118947	1.0	1.0
C31/C17d	87435	0.24531132033019504	0	0.5218947810521894	0.49257268568285795	1.0	1.0	1.0	1.0	1.0	1.0	1.0	1.0	0.5149045528634141	0.4809329766755831	1.0	1.0	1.0	0.5229195416091679	1.0	0.5134072988905166	0.37248941265881014	1.0	1.0	1.0	1.0	1.0	0.4863702725945481	0.47390052198956023	1.0	1.0
C1d/C31	87436	0.5218971715424269	0.5218947810521894	0	0.7119172020699482	1.0	1.0	1.0	1.0	1.0	1.0	1.0	1.0	0.7477675669729908	0.7538461538461538	1.0	0.5435191296174077	0.47810782838257426	0.7103057938841223	1.0	0.679364809527857	0.6445653315200272	1.0	0.47810782838257426	1.0	1.0	1.0	0.6760064798704026	0.6935661286774264	0.7638759031024225	0.8291459798907038
C31/C17d-C21-C31.9-C31h-C31i-C21ac	87823	0.4925752227433177	0.49257268568285795	0.7119172020699482	0	1.0	1.0	1.0	1.0	0.89003329900103	1.0	1.0	1.0	0.23485443155058022	0.2512499500019999	1.0	1.0	1.0	0.3852515161969331	1.0	0.37544873653790384	0.1779546613601592	1.0	1.0	1.0	1.0	1.0	0.29898453554125604	0.2692755753548626	1.0	1.0
C1/C3-C1c-C1b-C1w-C42.2	87697	1.0	1.0	1.0	1.0	0	1.0	1.0	1.0	0.9033333833315834	0.2894248701295455	0.12445939932703029	1.0	1.0	1.0	0.47069117235310587	0.6977420903163873	0.8086066987655433	1.0	0.46077617671469856	1.0	1.0	0.48389806356777515	0.7135000274990375	0.48889299981500833	0.3897213597524087	1.0	1.0	1.0	0.8476268567914443	0.5803430811305378
C15-C15n	87320	1.0	1.0	1.0	1.0	1.0	0	0.4983075253871192	0.6138638613613864	1.0	1.0	1.0	0.5143997120057598	1.0	1.0	1.0	1.0	1.0	0.7122757544849103	1.0	1.0	1.0	0.7112643310350345	1.0	1.0	1.0	1.0	1.0	1.0	1.0	1.0
C15-C15ci-C15n-C15cj-C15cc-C15cl-C15l	87706	1.0	1.0	1.0	1.0	1.0	0.4983075253871192	0	0.6138657920131197	1.0	1.0	1.0	0.2861278468038299	1.0	1.0	1.0	1.0	1.0	0.6226094347641309	1.0	1.0	1.0	0.7112657746845064	1.0	1.0	1.0	1.0	1.0	1.0	1.0	1.0
C15h/C15	87327	1.0	1.0	1.0	1.0	1.0	0.6138638613613864	0.6138657920131197	0	1.0	1.0	1.0	0.6138677226455471	1.0	1.0	1.0	1.0	1.0	0.7122757544849103	1.0	1.0	1.0	0.7112643310350345	1.0	1.0	1.0	0.3861330693346533	1.0	1.0	1.0	1.0
C27-C3-C21-C27a	87073	1.0	1.0	1.0	0.89003329900103	0.9033333833315834	1.0	1.0	1.0	0	1.0	0.9067727968160956	1.0	0.8900338488152915	0.89003329900103	0.8337141571460713	1.0	1.0	0.8900327491812705	0.8261426078608821	0.8983820323593528	0.8900321993560129	0.8261434771304574	1.0	0.9232923012309631	0.8931621367572649	1.0	0.8900327491812705	0.8900327491812705	1.0	0.9447022119115236
C1/C1c-C1b-C1al-C72k	87720	1.0	1.0	1.0	1.0	0.2894248701295455	1.0	1.0	1.0	1.0	0	0.16496505104846854	1.0	1.0	1.0	0.5986500337491563	0.7658358541036474	0.876702465950681	1.0	0.5132873006904897	1.0	1.0	0.6118577628447431	0.7815943681126377	0.6536503904882853	0.5837383252334953	1.0	1.0	1.0	0.9157225283241502	0.7058317667293308
C1/C3-C1c-C1b-C72k-C42.2	87721	1.0	1.0	1.0	1.0	0.12445939932703029	1.0	1.0	1.0	0.9067727968160956	0.16496505104846854	0	1.0	1.0	1.0	0.49674761383351584	0.7027704030358938	0.813635590932272	1.0	0.43949401264968374	1.0	1.0	0.5099547013589593	0.7185284441466756	0.5051997920083197	0.4187674369768907	1.0	1.0	1.0	0.8526558937642494	0.5853707314634268
C15-C15ci-C15cj-C15cm-C15ch-C15n-C15ck	87731	1.0	1.0	1.0	1.0	1.0	0.5143997120057598	0.2861278468038299	0.6138677226455471	1.0	1.0	1.0	0	1.0	1.0	1.0	1.0	1.0	0.7122786316410508	1.0	1.0	1.0	0.711267218319542	1.0	1.0	1.0	1.0	1.0	1.0	1.0	1.0
C31/C17d-C21-C21ac-C31a-C17e-C31.9-C17f	87732	0.514906978255761	0.5149045528634141	0.7477675669729908	0.23485443155058022	1.0	1.0	1.0	1.0	0.8900338488152915	1.0	1.0	1.0	0	0.09323080461379238	1.0	1.0	1.0	0.42110315587376507	1.0	0.2636757713480028	0.20939767108151214	1.0	1.0	1.0	1.0	1.0	0.24607015719371225	0.21604135834566618	1.0	1.0
C17d/C31-C21-C21ac-C17e-C17f-C31.9	87733	0.481385558433247	0.4809329766755831	0.7538461538461538	0.2512499500019999	1.0	1.0	1.0	1.0	0.89003329900103	1.0	1.0	1.0	0.09323080461379238	0	1.0	1.0	1.0	0.42718004869829557	1.0	0.333290001299961	0.1701948941531754	1.0	1.0	1.0	1.0	1.0	0.3168639097631583	0.2825651102211423	1.0	1.0
C1/C1b-C1u-C3-C1bo	87232	1.0	1.0	1.0	1.0	0.47069117235310587	1.0	1.0	1.0	0.8337141571460713	0.5986500337491563	0.49674761383351584	1.0	1.0	1.0	0	0.7658370248892533	0.8767030824229394	1.0	0.5325093498130037	1.0	1.0	0.3488962775930602	0.7815954601134971	0.5569855055073073	0.4625534361640959	1.0	1.0	1.0	0.9157229496967606	0.6484358203880826
C1d/C42.2/C1-C1k-C1b	87746	1.0	1.0	0.5435191296174077	1.0	0.6977420903163873	1.0	1.0	1.0	1.0	0.7658358541036474	0.7027704030358938	1.0	1.0	1.0	0.7658370248892533	0	0.29538761530961727	1.0	0.8424431511369772	1.0	1.0	0.7658358541036474	0.1597910052248694	0.5737349192778253	0.5396615084622884	1.0	1.0	1.0	0.3728419505317314	0.4319455624496898
C1d-C1df-C42.2-C1	87747	1.0	1.0	0.47810782838257426	1.0	0.8086066987655433	1.0	1.0	1.0	1.0	0.876702465950681	0.813635590932272	1.0	1.0	1.0	0.8767030824229394	0.29538761530961727	0	1.0	0.8767018494722579	1.0	1.0	0.876702465950681	0.21035579288414233	0.7518674439766807	0.751864962700746	1.0	1.0	1.0	0.554763357099287	0.5810167593296268
C15/C31/C17d-C21-C15cl	87384	0.5229219269518262	0.5229195416091679	0.7103057938841223	0.3852515161969331	1.0	0.7122757544849103	0.6226094347641309	0.7122757544849103	0.8900327491812705	1.0	1.0	0.7122786316410508	0.42110315587376507	0.42718004869829557	1.0	1.0	1.0	0	1.0	0.4427339316517087	0.3836354091147721	0.7122771930701732	1.0	1.0	1.0	1.0	0.3836384908452746	0.3836384908452746	1.0	1.0
C1/C3	87257	1.0	1.0	1.0	1.0	0.46077617671469856	1.0	1.0	1.0	0.8261426078608821	0.5132873006904897	0.43949401264968374	1.0	1.0	1.0	0.5325093498130037	0.8424431511369772	0.8767018494722579	1.0	0	1.0	1.0	0.4855577166342505	0.7815932761008585	0.6770880727981801	0.5770463443048355	1.0	1.0	1.0	0.9157221069473264	0.7506787262445814
C31-C17d-C31.1-C31a-C21-C17e-C21ac	87130	0.37034259314813706	0.5134072988905166	0.679364809527857	0.37544873653790384	1.0	1.0	1.0	1.0	0.8983820323593528	1.0	1.0	1.0	0.2636757713480028	0.333290001299961	1.0	1.0	1.0	0.4427339316517087	1.0	0	0.34289314213715727	1.0	1.0	1.0	1.0	1.0	0.12481187970300743	0.24135896602584936	1.0	1.0
C31/C17d-C21-C21ac-C31.9	87388	0.372492550148997	0.37248941265881014	0.6445653315200272	0.1779546613601592	1.0	1.0	1.0	1.0	0.8900321993560129	1.0	1.0	1.0	0.20939767108151214	0.1701948941531754	1.0	1.0	1.0	0.3836354091147721	1.0	0.34289314213715727	0	1.0	1.0	1.0	1.0	1.0	0.22498937526561835	0.20076998075048125	1.0	1.0
C15/C1/C3/C1b	87776	1.0	1.0	1.0	1.0	0.48389806356777515	0.7112643310350345	0.7112657746845064	0.7112643310350345	0.8261434771304574	0.6118577628447431	0.5099547013589593	0.711267218319542	1.0	1.0	0.3488962775930602	0.7658358541036474	0.876702465950681	0.7122771930701732	0.4855577166342505	1.0	1.0	0	0.7815943681126377	0.5569832905012849	0.4757604847903042	1.0	1.0	1.0	0.9157225283241502	0.6484340626374945
C1d/C42.2/C1	87143	1.0	1.0	0.47810782838257426	1.0	0.7135000274990375	1.0	1.0	1.0	1.0	0.7815943681126377	0.7185284441466756	1.0	1.0	1.0	0.7815954601134971	0.1597910052248694	0.21035579288414233	1.0	0.7815932761008585	1.0	1.0	0.7815943681126377	0	0.5894923152305431	0.5415091698166037	1.0	1.0	1.0	0.4560263192104237	0.47208111675532977
C1/C42.2/C3cg/C1j-C1b-C3-C1au-C45c-C115k	87786	1.0	1.0	1.0	1.0	0.48889299981500833	1.0	1.0	1.0	0.9232923012309631	0.6536503904882853	0.5051997920083197	1.0	1.0	1.0	0.5569855055073073	0.5737349192778253	0.7518674439766807	1.0	0.6770880727981801	1.0	1.0	0.5569832905012849	0.5894923152305431	0	0.2903712888613342	1.0	1.0	1.0	0.7236210551577937	0.21961901904904754
C42.2/C1-C1b-C3-C1au	87277	1.0	1.0	1.0	1.0	0.3897213597524087	1.0	1.0	1.0	0.8931621367572649	0.5837383252334953	0.4187674369768907	1.0	1.0	1.0	0.4625534361640959	0.5396615084622884	0.751864962700746	1.0	0.5770463443048355	1.0	1.0	0.4757604847903042	0.5415091698166037	0.2903712888613342	0	1.0	1.0	1.0	0.6921492355229343	0.43096276148954044
C15h	87149	1.0	1.0	1.0	1.0	1.0	1.0	1.0	0.3861330693346533	1.0	1.0	1.0	1.0	1.0	1.0	1.0	1.0	1.0	1.0	1.0	1.0	1.0	1.0	1.0	1.0	1.0	0	1.0	1.0	1.0	1.0
C31-C17d-C21-C21ac-C31.1-C31a	87408	0.376945576360591	0.4863702725945481	0.6760064798704026	0.29898453554125604	1.0	1.0	1.0	1.0	0.8900327491812705	1.0	1.0	1.0	0.24607015719371225	0.3168639097631583	1.0	1.0	1.0	0.3836384908452746	1.0	0.12481187970300743	0.22498937526561835	1.0	1.0	1.0	1.0	1.0	0	0.1370158895233143	1.0	1.0
C31-C17d-C21-C31a-C21ac-C31g	87409	0.47390315242118947	0.47390052198956023	0.6935661286774264	0.2692755753548626	1.0	1.0	1.0	1.0	0.8900327491812705	1.0	1.0	1.0	0.21604135834566618	0.2825651102211423	1.0	1.0	1.0	0.3836384908452746	1.0	0.24135896602584936	0.20076998075048125	1.0	1.0	1.0	1.0	1.0	0.1370158895233143	0	1.0	1.0
C1d-C42.2-C1ag-C1k-C42ax-C42ay-C1	87410	1.0	1.0	0.7638759031024225	1.0	0.8476268567914443	1.0	1.0	1.0	1.0	0.9157225283241502	0.8526558937642494	1.0	1.0	1.0	0.9157229496967606	0.3728419505317314	0.554763357099287	1.0	0.9157221069473264	1.0	1.0	0.9157225283241502	0.4560263192104237	0.7236210551577937	0.6921492355229343	1.0	1.0	1.0	0	0.5818309084545773
C1/C1d/C42.2/C3-C1b-C3cg-C45c-C115k-C1au-C41p	87285	1.0	1.0	0.8291459798907038	1.0	0.5803430811305378	1.0	1.0	1.0	0.9447022119115236	0.7058317667293308	0.5853707314634268	1.0	1.0	1.0	0.6484358203880826	0.4319455624496898	0.5810167593296268	1.0	0.7506787262445814	1.0	1.0	0.6484340626374945	0.47208111675532977	0.21961901904904754	0.43096276148954044	1.0	1.0	1.0	0.5818309084545773	0
