C31/C17d-C31.1	87425	0.0	0.0023765951095699542	0.012880343863834713	0.005350121968818258	0.006719797970079775	0.007397014072063371	0.014996046223655272	0.0038996086929810087	0.006060659915694194	0.004898508849723986	0.005961232977825556	0.023096377374355128	0.024834759256088784	0.02316372744217157	0.02460434940497741	0.02098834964353494	0.020992835652815813	0.019015930917846428	0.019717487546474958	0.01904549060177837	0.01857103032603109	0.016339601490592034	0.02059229761614677	0.01975621098920207	0.019424255690181844	0.030351261010920005	0.034881987785953424	0.03199150397749335	0.03821845942332191	0.03346404518903219
C31/C17d	87435	0.0023765951095699542	0.0	0.010504239456124387	0.0032222618187548093	0.004343974649934422	0.00502114870829838	0.012619941815944946	0.003209832538960397	0.0036849209983367626	0.0033749868954834413	0.0035851285701152297	0.0207202729666448	0.022458654848378456	0.02078762303446124	0.022228244997267086	0.018612245235824613	0.01861673124510549	0.016639826510136103	0.01734138313876463	0.016669386194068044	0.016194925918320766	0.013963497082881712	0.01821619320843644	0.01738010658149175	0.01704815128247152	0.027975156603209678	0.0325058833782431	0.02961539956978302	0.03584235501561158	0.031087940781321866
C1d/C31	87436	0.012880343863834713	0.010504239456124387	0.0	0.010253468605545917	0.010217565557839934	0.010640304003485684	0.014035987791518835	0.011061709382611924	0.008844957491851158	0.009706879855660008	0.009315809368027173	0.01021616438871434	0.011954415392254069	0.01028338357833685	0.011812214450356856	0.012215846243861893	0.02003496120951905	0.01356977770637468	0.01479000001700681	0.013637466615107379	0.013643542796562942	0.011412113961123887	0.015946363318994645	0.0133656142794801	0.01184582139760263	0.029389999106369358	0.03392072588140278	0.031030242072942704	0.03725719751877127	0.03250278328448155
C31/C17d-C21-C31.9-C31h-C31i-C21ac	87823	0.005350121968818258	0.0032222618187548093	0.010253468605545917	0.0	0.002900306316390918	0.0036572888450524233	0.0123685026221608	0.0029922563810856747	0.002078163177186844	0.0024627396983005097	0.0026851636674497647	0.020469109060200472	0.022207490941934124	0.020536459128016913	0.021977081090822755	0.018361081329380285	0.018365347360658958	0.016388662603691772	0.017090219232320302	0.016418222287623716	0.015943762011876438	0.013712333176437382	0.017965029301992112	0.01712894267504742	0.016796987376027188	0.027723992696765343	0.03225471947179877	0.029364235663338685	0.03559119110916725	0.030836776874877535
C31/C17d-C21-C21ac-C31a-C17e-C31.9-C17f	87732	0.006719797970079775	0.004343974649934422	0.010217565557839934	0.002900306316390918	0.0	0.0013482226901968908	0.011118916484251196	0.0032225175915199925	0.001693398899856607	0.002790380907516162	0.002475348636674456	0.019219451293339726	0.020957833175073385	0.019286801361156167	0.020727423323962015	0.017111423562519542	0.017115689593798215	0.01513900483683103	0.01584056146545956	0.01516856452076297	0.014694104245015695	0.01246267540957664	0.01671537153513137	0.015879284908186676	0.015547329609166449	0.026474334929904603	0.031005061704938025	0.028114577896477946	0.03434153334230651	0.029587119108016792
C17d/C31-C21-C21ac-C17e-C17f-C31.9	87733	0.007397014072063371	0.00502114870829838	0.010640304003485684	0.0036572888450524233	0.0013482226901968908	0.0	0.010105152575954367	0.0043880274101621404	0.0021481556608816876	0.00375683286333381	0.0034417101914557538	0.01820567514072523	0.019944057022458887	0.018273025208541672	0.019713647171347517	0.016097647409905047	0.01610191344118372	0.014125228684216534	0.014826785312845064	0.014154788368148477	0.013680328092401196	0.011448899256962144	0.015701595382516875	0.014865508755572182	0.014533553456551952	0.02546055877729011	0.029991285552323527	0.02710080174386345	0.03332775718969201	0.028573342955402297
C15/C31/C17d-C21-C15cl	87384	0.014996046223655272	0.012619941815944946	0.014035987791518835	0.0123685026221608	0.011118916484251196	0.010105152575954367	0.0	0.013176907148761342	0.01047679601351498	0.011821905608086608	0.011430448445195475	0.021330793701709656	0.023069175583443312	0.02139814376952609	0.022838765732331935	0.019222765970889472	0.019229595306405608	0.017250347245200963	0.017951903873829493	0.0172799069291329	0.016805446653385625	0.014574017817946568	0.009974324790611881	0.017990627316556602	0.01765867201753638	0.016821507373547477	0.019982675863250386	0.01846155837851314	0.0246885138243417	0.019934675074955006
C31-C17d-C31.1-C31a-C21-C17e-C21ac	87130	0.0038996086929810087	0.003209832538960397	0.011061709382611924	0.0029922563810856747	0.0032225175915199925	0.0043880274101621404	0.013176907148761342	0.0	0.0037028589085874235	0.0017046643708587429	0.00271284858253524	0.02127739881383438	0.023015780695568037	0.021344748881650822	0.022785370844456664	0.019169371083014194	0.019173653753296764	0.01719695235732568	0.01789850898595421	0.01722651204125762	0.016752051765510347	0.014520622930071291	0.01877331905562602	0.017937232428681327	0.0176052771296611	0.02853228245039925	0.03306300922543268	0.030172525416972597	0.03639948086280116	0.03164506662851145
C31/C17d-C21-C21ac-C31.9	87388	0.006060659915694194	0.0036849209983367626	0.008844957491851158	0.002078163177186844	0.001693398899856607	0.0021481556608816876	0.01047679601351498	0.0037028589085874235	0.0	0.002052189626921923	0.0016855787104368687	0.018577405708505978	0.020315787590239633	0.01864475577632242	0.020085377739128264	0.016469377977685794	0.016473644008964467	0.014496959251997281	0.015198515880625808	0.014526518935929222	0.014052058660181947	0.011820629824742893	0.01607332595029762	0.01523723932335293	0.014905284024332699	0.025832289345070855	0.030363016120104273	0.027472532311644197	0.03369948775747276	0.02894507352318304
C31-C17d-C21-C21ac-C31.1-C31a	87408	0.004898508849723986	0.0033749868954834413	0.009706879855660008	0.0024627396983005097	0.002790380907516162	0.00375683286333381	0.011821905608086608	0.0017046643708587429	0.002052189626921923	0.0	0.0011409990336299107	0.01992251530307761	0.021660897184811262	0.01998986537089405	0.021430487333699892	0.017814487572257422	0.017818753603536092	0.01584206884656891	0.016543625475197436	0.01587162853050085	0.015397168254753572	0.013165739419314518	0.01741843554486925	0.016582348917924556	0.016250393618904325	0.02717739893964248	0.031708125714675905	0.028817641906215823	0.035044597352044383	0.030290183117754672
C31-C17d-C21-C31a-C21ac-C31g	87409	0.005961232977825556	0.0035851285701152297	0.009315809368027173	0.0026851636674497647	0.002475348636674456	0.0034417101914557538	0.011430448445195475	0.00271284858253524	0.0016855787104368687	0.0011409990336299107	0.0	0.019531058140186477	0.02126944002192013	0.019598408208002915	0.02103903017080876	0.01742303040936629	0.017427296440644963	0.015450611683677777	0.016152168312306307	0.015480171367609718	0.015005711091862443	0.012774282256423386	0.017026978381978117	0.016190891755033424	0.015858936456013193	0.026785941776751348	0.031316668551784776	0.028426184743324694	0.034653140189153255	0.029898725954863536
C1d/C42.2/C1-C1k-C1b	87746	0.023096377374355128	0.0207202729666448	0.01021616438871434	0.020469109060200472	0.019219451293339726	0.01820567514072523	0.021330793701709656	0.02127739881383438	0.018577405708505978	0.01992251530307761	0.019531058140186477	0.0	0.0017399097761547693	6.805272728454322e-05	0.0017326137504121686	0.005110613480816538	0.015454304632208246	0.006082754692041591	0.006568249180598136	0.006124549908819669	0.006685683464662917	0.006761136235970221	0.011359188967086584	0.006408940066155267	0.004435613337379195	0.024804561007210745	0.029335287782244167	0.026444803973784087	0.032671759419612645	0.027917345185322937
C1d-C1df-C42.2-C1	87747	0.024834759256088784	0.022458654848378456	0.011954415392254069	0.022207490941934124	0.020957833175073385	0.019944057022458887	0.023069175583443312	0.023015780695568037	0.020315787590239633	0.021660897184811262	0.02126944002192013	0.0017399097761547693	0.0	0.0016724443314137174	0.0026257945342588115	0.006850104345131487	0.0171926865139419	0.0078220929824935	0.008307587471050046	0.00786388819927158	0.008425021755114826	0.008500167787769863	0.013098527257538493	0.008148547118723648	0.0061753567468073095	0.0265429428889444	0.03107366966397782	0.028183185855517743	0.0344101413013463	0.02965572706705659
C1d/C42.2/C1	87143	0.02316372744217157	0.02078762303446124	0.01028338357833685	0.020536459128016913	0.019286801361156167	0.018273025208541672	0.02139814376952609	0.021344748881650822	0.01864475577632242	0.01998986537089405	0.019598408208002915	6.805272728454322e-05	0.0016724443314137174	0.0	0.001679932226027046	0.005178017054333634	0.015521654700024683	0.006150109358938212	0.006635603847494756	0.00619190457571629	0.006753038131559538	0.006828184164214573	0.011426543633983204	0.006476294733051889	0.0045029124153935915	0.024871911075027182	0.029402637850060604	0.026512154041600525	0.032739109487429086	0.02798469525313937
C1d-C42.2-C1ag-C1k-C42ax-C42ay-C1	87410	0.02460434940497741	0.022228244997267086	0.011812214450356856	0.021977081090822755	0.020727423323962015	0.019713647171347517	0.022838765732331935	0.022785370844456664	0.020085377739128264	0.021430487333699892	0.02103903017080876	0.0017326137504121686	0.0026257945342588115	0.001679932226027046	0.0	0.006619931926430538	0.01696227666283053	0.007592073137655592	0.008077567626212135	0.00763386835443367	0.008195001910276917	0.008270147942931952	0.012868507412700583	0.007918258511769269	0.005944693344986505	0.026312533037833027	0.03084325981286645	0.02795277600440637	0.03417973145023493	0.02942531721594522
C1/C1d/C42.2/C3-C1b-C3cg-C45c-C115k-C1au-C41p	87285	0.02098834964353494	0.018612245235824613	0.012215846243861893	0.018361081329380285	0.017111423562519542	0.016097647409905047	0.019222765970889472	0.019169371083014194	0.016469377977685794	0.017814487572257422	0.01742303040936629	0.005110613480816538	0.006850104345131487	0.005178017054333634	0.006619931926430538	0.0	0.013346166356660426	0.004354629475393892	0.005575425596785115	0.004422525168002247	0.004575850572688104	0.004651500873692819	0.00924966937529826	0.0020189441045764156	0.002322585863629816	0.02269701043780985	0.02722773721284327	0.024337253404383193	0.030564208850211754	0.02580979461592204
C27-C3-C21-C27a	87073	0.020992835652815813	0.01861673124510549	0.02003496120951905	0.018365347360658958	0.017115689593798215	0.01610191344118372	0.019229595306405608	0.019173653753296764	0.016473644008964467	0.017818753603536092	0.017427296440644963	0.015454304632208246	0.0171926865139419	0.015521654700024683	0.01696227666283053	0.013346166356660426	0.0	0.011373664814371813	0.01207541480432808	0.0114032313155947	0.010928625083634288	0.008697180983221678	0.01294987710877641	0.012113984754499983	0.01178196921215573	0.022709188268773123	0.02723991504380654	0.024349431235346466	0.030576386681175023	0.025821972446885312
C1/C3-C1c-C1b-C1w-C42.2	87697	0.019015930917846428	0.016639826510136103	0.01356977770637468	0.016388662603691772	0.01513900483683103	0.014125228684216534	0.017250347245200963	0.01719695235732568	0.014496959251997281	0.01584206884656891	0.015450611683677777	0.006082754692041591	0.0078220929824935	0.006150109358938212	0.007592073137655592	0.004354629475393892	0.011373664814371813	0.0	0.0019344181947292993	0.000781525241447134	0.002602129487401046	0.002677251042931258	0.007276545549970006	0.0032708084629752333	0.002485680155127457	0.020724307912029782	0.0252550346870632	0.022364550878603125	0.028591506324431686	0.02383709209014197
C1/C1c-C1b-C1al-C72k	87720	0.019717487546474958	0.01734138313876463	0.01479000001700681	0.017090219232320302	0.01584056146545956	0.014826785312845064	0.017951903873829493	0.01789850898595421	0.015198515880625808	0.016543625475197436	0.016152168312306307	0.006568249180598136	0.008307587471050046	0.006635603847494756	0.008077567626212135	0.005575425596785115	0.01207541480432808	0.0019344181947292993	0.0	0.0011529986623213034	0.0033038375425272423	0.0033789127478753254	0.007978253605096202	0.0044916832662806215	0.0037064267550434874	0.02142567117933058	0.025956397954363997	0.02306591414590392	0.02929286959173248	0.024538455357442767
C1/C3-C1c-C1b-C72k-C42.2	87721	0.01904549060177837	0.016669386194068044	0.013637466615107379	0.016418222287623716	0.01516856452076297	0.014154788368148477	0.0172799069291329	0.01722651204125762	0.014526518935929222	0.01587162853050085	0.015480171367609718	0.006124549908819669	0.00786388819927158	0.00619190457571629	0.00763386835443367	0.004422525168002247	0.0114032313155947	0.000781525241447134	0.0011529986623213034	0.0	0.002631627661711487	0.0027067682474454548	0.007306043724280446	0.003338726652741706	0.0025534370900229934	0.020753860778670776	0.025284587553704198	0.022394103745244122	0.02862105919107268	0.023866644956782965
C1/C1b-C1u-C3-C1bo	87232	0.01857103032603109	0.016194925918320766	0.013643542796562942	0.015943762011876438	0.014694104245015695	0.013680328092401196	0.016805446653385625	0.016752051765510347	0.014052058660181947	0.015397168254753572	0.015005711091862443	0.006685683464662917	0.008425021755114826	0.006753038131559538	0.008195001910276917	0.004575850572688104	0.010928625083634288	0.002602129487401046	0.0033038375425272423	0.002631627661711487	0.0	0.002233410465227692	0.0068312442715420165	0.0033446895871880595	0.003010848213475957	0.020279546459136634	0.024810273234170056	0.02191978942570998	0.028146744871538537	0.023392330637248826
C1/C3	87257	0.016339601490592034	0.013963497082881712	0.011412113961123887	0.013712333176437382	0.01246267540957664	0.011448899256962144	0.014574017817946568	0.014520622930071291	0.011820629824742893	0.013165739419314518	0.012774282256423386	0.006761136235970221	0.008500167787769863	0.006828184164214573	0.008270147942931952	0.004651500873692819	0.008697180983221678	0.002677251042931258	0.0033789127478753254	0.0027067682474454548	0.002233410465227692	0.0	0.004600968866097543	0.003419107459286638	0.0030868347818314964	0.01804872442951705	0.022579451204550467	0.01968896739609039	0.025915922841918952	0.021161508607629238
C15/C1/C3/C1b	87776	0.02059229761614677	0.01821619320843644	0.015946363318994645	0.017965029301992112	0.01671537153513137	0.015701595382516875	0.009974324790611881	0.01877331905562602	0.01607332595029762	0.01741843554486925	0.017026978381978117	0.011359188967086584	0.013098527257538493	0.011426543633983204	0.012868507412700583	0.00924966937529826	0.01294987710877641	0.007276545549970006	0.007978253605096202	0.007306043724280446	0.0068312442715420165	0.004600968866097543	0.0	0.008017257654415383	0.0076849364713469336	0.013448543005931003	0.017979269780964424	0.015088785972504345	0.021315741418332902	0.01656190466854629
C1/C42.2/C3cg/C1j-C1b-C3-C1au-C45c-C115k	87786	0.01975621098920207	0.01738010658149175	0.0133656142794801	0.01712894267504742	0.015879284908186676	0.014865508755572182	0.017990627316556602	0.017937232428681327	0.01523723932335293	0.016582348917924556	0.016190891755033424	0.006408940066155267	0.008148547118723648	0.006476294733051889	0.007918258511769269	0.0020189441045764156	0.012113984754499983	0.0032708084629752333	0.0044916832662806215	0.003338726652741706	0.0033446895871880595	0.003419107459286638	0.008017257654415383	0.0	0.002165178799775941	0.02146490706334879	0.025995633838382208	0.023105150029922132	0.029332105475750693	0.024577691241460975
C42.2/C1-C1b-C3-C1au	87277	0.019424255690181844	0.01704815128247152	0.01184582139760263	0.016796987376027188	0.015547329609166449	0.014533553456551952	0.01765867201753638	0.0176052771296611	0.014905284024332699	0.016250393618904325	0.015858936456013193	0.004435613337379195	0.0061753567468073095	0.0045029124153935915	0.005944693344986505	0.002322585863629816	0.01178196921215573	0.002485680155127457	0.0037064267550434874	0.0025534370900229934	0.003010848213475957	0.0030868347818314964	0.0076849364713469336	0.002165178799775941	0.0	0.021132653058916703	0.025663379833950124	0.022772896025490045	0.028999851471318602	0.02424543723702889
C15-C15n	87320	0.030351261010920005	0.027975156603209678	0.029389999106369358	0.027723992696765343	0.026474334929904603	0.02546055877729011	0.016821507373547477	0.02853228245039925	0.025832289345070855	0.02717739893964248	0.026785941776751348	0.024804561007210745	0.0265429428889444	0.024871911075027182	0.026312533037833027	0.02269701043780985	0.022709188268773123	0.020724307912029782	0.02142567117933058	0.020753860778670776	0.020279546459136634	0.01804872442951705	0.013448543005931003	0.02146490706334879	0.021132653058916703	0.0	0.005160424752773319	0.003043198813788621	0.008629619112305928	0.00451651234809519
C15-C15ci-C15n-C15cj-C15cc-C15cl-C15l	87706	0.034881987785953424	0.0325058833782431	0.03392072588140278	0.03225471947179877	0.031005061704938025	0.029991285552323527	0.019982675863250386	0.03306300922543268	0.030363016120104273	0.031708125714675905	0.031316668551784776	0.029335287782244167	0.03107366966397782	0.029402637850060604	0.03084325981286645	0.02722773721284327	0.02723991504380654	0.0252550346870632	0.025956397954363997	0.025284587553704198	0.024810273234170056	0.022579451204550467	0.017979269780964424	0.025995633838382208	0.025663379833950124	0.005160424752773319	0.0	0.007572579705797389	0.005590349851011939	0.009045893240103959
C15h/C15	87327	0.03199150397749335	0.02961539956978302	0.031030242072942704	0.029364235663338685	0.028114577896477946	0.02710080174386345	0.01846155837851314	0.030172525416972597	0.027472532311644197	0.028817641906215823	0.028426184743324694	0.026444803973784087	0.028183185855517743	0.026512154041600525	0.02795277600440637	0.024337253404383193	0.024349431235346466	0.022364550878603125	0.02306591414590392	0.022394103745244122	0.02191978942570998	0.01968896739609039	0.015088785972504345	0.023105150029922132	0.022772896025490045	0.003043198813788621	0.007572579705797389	0.0	0.010908055181218774	0.001473313534306569
C15-C15ci-C15cj-C15cm-C15ch-C15n-C15ck	87731	0.03821845942332191	0.03584235501561158	0.03725719751877127	0.03559119110916725	0.03434153334230651	0.03332775718969201	0.0246885138243417	0.03639948086280116	0.03369948775747276	0.035044597352044383	0.034653140189153255	0.032671759419612645	0.0344101413013463	0.032739109487429086	0.03417973145023493	0.030564208850211754	0.030576386681175023	0.028591506324431686	0.02929286959173248	0.02862105919107268	0.028146744871538537	0.025915922841918952	0.021315741418332902	0.029332105475750693	0.028999851471318602	0.008629619112305928	0.005590349851011939	0.010908055181218774	0.0	0.012381368715525342
C15h	87149	0.03346404518903219	0.031087940781321866	0.03250278328448155	0.030836776874877535	0.029587119108016792	0.028573342955402297	0.019934675074955006	0.03164506662851145	0.02894507352318304	0.030290183117754672	0.029898725954863536	0.027917345185322937	0.02965572706705659	0.02798469525313937	0.02942531721594522	0.02580979461592204	0.025821972446885312	0.02383709209014197	0.024538455357442767	0.023866644956782965	0.023392330637248826	0.021161508607629238	0.01656190466854629	0.024577691241460975	0.02424543723702889	0.00451651234809519	0.009045893240103959	0.001473313534306569	0.012381368715525342	0.0
