47
1          0.0000000 0.0038261 0.0076723 0.0038387 0.0115537 0.0232469 0.0232469 0.0272372 0.0076663 0.0276696 0.0118184 0.0076882 0.0271663 0.0076648 0.0157871 0.0076663 0.0157710 0.0276775 0.0157710 0.0277980 0.0078573 0.0118059 0.0038273 0.0271949 0.0076671 0.0076727 0.0296392 0.0076648 0.0076822 0.0076727 0.0079603 0.0276037 0.0271949 0.0312544 0.0525554 0.0352279 0.0311314 0.0569152 0.0038273 0.0076938 0.0038273 0.0038214 0.0236206 0.0276098 0.0237962 0.0115184 0.0115695 
2          0.0038261 0.0000000 0.0115537 0.0000010 0.0076700 0.0192902 0.0192902 0.0232469 0.0038171 0.0236139 0.0078449 0.0038279 0.0231864 0.0038163 0.0117890 0.0038171 0.0117770 0.0236206 0.0117770 0.0237227 0.0039117 0.0078366 0.0076845 0.0232107 0.0115457 0.0038202 0.0252869 0.0038163 0.0038250 0.0038202 0.0039628 0.0235578 0.0232107 0.0272297 0.0482977 0.0311785 0.0271239 0.0526142 0.0076845 0.0038307 0.0076845 0.0076727 0.0195988 0.0235629 0.0197440 0.0076466 0.0076805 
130        0.0076723 0.0115537 0.0000000 0.0115920 0.0193841 0.0271013 0.0271013 0.0311055 0.0154337 0.0358195 0.0198314 0.0154781 0.0310239 0.0154306 0.0238427 0.0154337 0.0238178 0.0358294 0.0238178 0.0359870 0.0158212 0.0198101 0.0115571 0.0310568 0.0154350 0.0154465 0.0383903 0.0154306 0.0154659 0.0154465 0.0119634 0.0357333 0.0310568 0.0351344 0.0565524 0.0391123 0.0349965 0.0609321 0.0115571 0.0154894 0.0115571 0.0115393 0.0317091 0.0357416 0.0319462 0.0193242 0.0194117 
4          0.0038387 0.0000010 0.0115920 0.0000000 0.0076953 0.0193541 0.0193541 0.0233243 0.0038296 0.0236139 0.0078449 0.0038405 0.0232634 0.0038288 0.0117890 0.0038296 0.0117770 0.0236206 0.0117770 0.0237227 0.0039117 0.0078366 0.0077098 0.0232879 0.0115839 0.0038327 0.0252869 0.0038288 0.0038375 0.0038327 0.0039763 0.0235578 0.0232879 0.0273208 0.0484652 0.0312830 0.0272142 0.0527977 0.0077098 0.0038433 0.0077098 0.0076979 0.0195988 0.0235629 0.0197440 0.0076717 0.0077058 
5          0.0115537 0.0076700 0.0193841 0.0076953 0.0000000 0.0271864 0.0271864 0.0312035 0.0115264 0.0317003 0.0157960 0.0115594 0.0311220 0.0115241 0.0197820 0.0115264 0.0197615 0.0317091 0.0197615 0.0318476 0.0118143 0.0157791 0.0154704 0.0311549 0.0193702 0.0115359 0.0339633 0.0115241 0.0115504 0.0115359 0.0119695 0.0316243 0.0311549 0.0352470 0.0567431 0.0392381 0.0351078 0.0611384 0.0154704 0.0115678 0.0154704 0.0154465 0.0276246 0.0316315 0.0278305 0.0153939 0.0154625 
517        0.0232469 0.0192902 0.0271013 0.0193541 0.0271864 0.0000000 0.0000010 0.0038172 0.0231914 0.0357161 0.0197750 0.0232588 0.0038074 0.0231864 0.0237744 0.0153914 0.0237496 0.0357260 0.0237496 0.0358819 0.0157765 0.0197538 0.0272372 0.0038120 0.0311801 0.0232107 0.0382705 0.0231864 0.0232403 0.0232107 0.0159358 0.0356299 0.0038120 0.0076642 0.0277399 0.0115176 0.0076350 0.0318766 0.0272372 0.0154467 0.0272372 0.0271949 0.0316180 0.0356382 0.0318544 0.0271013 0.0272234 
518        0.0232469 0.0192902 0.0271013 0.0193541 0.0271864 0.0000010 0.0000000 0.0037998 0.0231914 0.0357161 0.0197750 0.0232588 0.0038074 0.0231864 0.0237744 0.0153914 0.0237496 0.0357260 0.0237496 0.0358819 0.0157765 0.0197538 0.0272372 0.0038120 0.0311801 0.0232107 0.0382705 0.0231864 0.0232403 0.0232107 0.0159358 0.0356299 0.0038120 0.0076642 0.0277399 0.0115176 0.0076350 0.0318766 0.0272372 0.0154467 0.0271108 0.0271949 0.0316180 0.0356382 0.0318544 0.0271013 0.0272234 
519        0.0272372 0.0232469 0.0311055 0.0233243 0.0312035 0.0038172 0.0037998 0.0000000 0.0271722 0.0398589 0.0238339 0.0272515 0.0076468 0.0271663 0.0278587 0.0193209 0.0278294 0.0398698 0.0278294 0.0400452 0.0198067 0.0238082 0.0312631 0.0076547 0.0352295 0.0271949 0.0427242 0.0271663 0.0272297 0.0271949 0.0200074 0.0397624 0.0076547 0.0115449 0.0318410 0.0154219 0.0115008 0.0360191 0.0312631 0.0193906 0.0311171 0.0312130 0.0357260 0.0397718 0.0359938 0.0311055 0.0312471 
6276       0.0076663 0.0038171 0.0154337 0.0038296 0.0115264 0.0231914 0.0231914 0.0271722 0.0000000 0.0276020 0.0117895 0.0076700 0.0271013 0.0076466 0.0157484 0.0076481 0.0157322 0.0276098 0.0157322 0.0277292 0.0078382 0.0117770 0.0115480 0.0271298 0.0154228 0.0076545 0.0295621 0.0076466 0.0076640 0.0076545 0.0079408 0.0275360 0.0271298 0.0311785 0.0524246 0.0351423 0.0310568 0.0567728 0.0115480 0.0076755 0.0115480 0.0115302 0.0235629 0.0275422 0.0237380 0.0114910 0.0115421 
471943     0.0276696 0.0236139 0.0358195 0.0236139 0.0317003 0.0357161 0.0357161 0.0398589 0.0276020 0.0000000 0.0157636 0.0276844 0.0397516 0.0275958 0.0196478 0.0196250 0.0116824 0.0077219 0.0117802 0.0316288 0.0117903 0.0077737 0.0317607 0.0397950 0.0317607 0.0276255 0.0082549 0.0275958 0.0276617 0.0276255 0.0286931 0.0077018 0.0397950 0.0440263 0.0663233 0.0399554 0.0438485 0.0708743 0.0317607 0.0196969 0.0317607 0.0317101 0.0038446 0.0077033 0.0077660 0.0235937 0.0317443 
38924      0.0118184 0.0078449 0.0198314 0.0078449 0.0157960 0.0197750 0.0197750 0.0238339 0.0117895 0.0157636 0.0000000 0.0118244 0.0237700 0.0117871 0.0117895 0.0039119 0.0117775 0.0157683 0.0117775 0.0237236 0.0039119 0.0078369 0.0158265 0.0237957 0.0158265 0.0117996 0.0168818 0.0117871 0.0118149 0.0117996 0.0122538 0.0157263 0.0237957 0.0279203 0.0495652 0.0238270 0.0278086 0.0540036 0.0158265 0.0039262 0.0158265 0.0158013 0.0117751 0.0157296 0.0157851 0.0157458 0.0158182 
15         0.0076882 0.0038279 0.0154781 0.0038405 0.0115594 0.0232588 0.0232588 0.0272515 0.0076700 0.0276844 0.0118244 0.0000000 0.0271805 0.0076685 0.0157953 0.0076700 0.0157791 0.0276923 0.0157791 0.0278130 0.0078613 0.0118113 0.0115811 0.0272091 0.0154672 0.0076764 0.0296561 0.0076685 0.0076859 0.0076764 0.0079643 0.0276185 0.0272091 0.0312712 0.0525864 0.0352470 0.0311480 0.0569494 0.0115811 0.0076976 0.0115811 0.0115633 0.0236331 0.0276246 0.0238087 0.0115241 0.0115752 
6417       0.0271663 0.0231864 0.0310239 0.0232634 0.0311220 0.0038074 0.0038074 0.0076468 0.0271013 0.0397516 0.0237700 0.0271805 0.0000000 0.0270954 0.0277837 0.0192709 0.0277545 0.0397624 0.0277545 0.0399361 0.0197538 0.0237444 0.0311801 0.0076350 0.0351360 0.0271239 0.0426005 0.0270954 0.0271587 0.0271239 0.0199537 0.0396551 0.0076350 0.0115153 0.0317562 0.0153820 0.0114711 0.0359218 0.0311801 0.0193402 0.0311801 0.0311314 0.0356299 0.0396644 0.0358970 0.0310239 0.0311643 
20         0.0076648 0.0038163 0.0154306 0.0038288 0.0115241 0.0231864 0.0231864 0.0271663 0.0076466 0.0275958 0.0117871 0.0076685 0.0270954 0.0000000 0.0157451 0.0076466 0.0157289 0.0276037 0.0157289 0.0277230 0.0078366 0.0117745 0.0115457 0.0271239 0.0154197 0.0076530 0.0295551 0.0076451 0.0076625 0.0076530 0.0079392 0.0275299 0.0271239 0.0311716 0.0524114 0.0351344 0.0310499 0.0567582 0.0115457 0.0076740 0.0115457 0.0115279 0.0235578 0.0275360 0.0237328 0.0114887 0.0115398 
25883      0.0157871 0.0117890 0.0238427 0.0117890 0.0197820 0.0237744 0.0237744 0.0278587 0.0157484 0.0196478 0.0117895 0.0157953 0.0277837 0.0157451 0.0000000 0.0078382 0.0156582 0.0196536 0.0157322 0.0117198 0.0078382 0.0117216 0.0198202 0.0278139 0.0198202 0.0157619 0.0210377 0.0157451 0.0118143 0.0157619 0.0163700 0.0196011 0.0278139 0.0319698 0.0538029 0.0278507 0.0318412 0.0582749 0.0198202 0.0078669 0.0198202 0.0197886 0.0156549 0.0196054 0.0196747 0.0197187 0.0198098 
32         0.0076663 0.0038171 0.0154337 0.0038296 0.0115264 0.0153914 0.0153914 0.0193209 0.0076481 0.0196250 0.0039119 0.0076700 0.0192709 0.0076466 0.0078382 0.0000000 0.0078302 0.0196307 0.0078302 0.0197152 0.0000010 0.0039078 0.0115480 0.0192909 0.0154228 0.0076545 0.0210111 0.0076466 0.0076640 0.0076545 0.0079408 0.0195786 0.0192909 0.0232773 0.0441498 0.0272079 0.0231873 0.0484308 0.0115480 0.0000010 0.0115480 0.0115302 0.0156369 0.0195828 0.0157524 0.0114910 0.0115421 
70818      0.0157710 0.0117770 0.0238178 0.0117770 0.0197615 0.0237496 0.0237496 0.0278294 0.0157322 0.0116824 0.0117775 0.0157791 0.0277545 0.0157289 0.0156582 0.0078302 0.0000000 0.0116859 0.0078235 0.0275699 0.0078302 0.0038722 0.0197998 0.0277847 0.0197998 0.0157458 0.0125003 0.0157289 0.0157663 0.0157458 0.0163526 0.0116550 0.0277847 0.0319360 0.0537423 0.0278215 0.0318074 0.0582081 0.0197998 0.0078589 0.0197998 0.0197681 0.0077572 0.0116574 0.0116982 0.0196983 0.0197901 
70819      0.0276775 0.0236206 0.0358294 0.0236206 0.0317091 0.0357260 0.0357260 0.0398698 0.0276098 0.0077219 0.0157683 0.0276923 0.0397624 0.0276037 0.0196536 0.0196307 0.0116859 0.0000000 0.0117838 0.0316378 0.0117939 0.0077761 0.0317696 0.0398059 0.0317696 0.0276334 0.0082576 0.0276037 0.0276696 0.0276334 0.0287015 0.0077041 0.0398059 0.0440381 0.0663401 0.0399663 0.0438604 0.0708920 0.0317696 0.0197026 0.0317696 0.0317189 0.0038457 0.0077056 0.0077683 0.0236005 0.0317532 
70820      0.0157710 0.0117770 0.0238178 0.0117770 0.0197615 0.0237496 0.0237496 0.0278294 0.0157322 0.0117802 0.0117775 0.0157791 0.0277545 0.0157289 0.0157322 0.0078302 0.0078235 0.0117838 0.0000000 0.0277000 0.0078302 0.0039045 0.0197998 0.0277847 0.0197998 0.0157458 0.0126125 0.0157289 0.0157663 0.0157458 0.0163526 0.0117524 0.0277847 0.0319360 0.0537423 0.0278215 0.0318074 0.0582081 0.0197998 0.0078589 0.0197998 0.0197681 0.0078219 0.0117549 0.0117963 0.0196983 0.0197901 
25896      0.0277980 0.0237227 0.0359870 0.0237227 0.0318476 0.0358819 0.0358819 0.0400452 0.0277292 0.0316288 0.0237236 0.0278130 0.0399361 0.0277230 0.0117198 0.0197152 0.0275699 0.0316378 0.0277000 0.0000000 0.0197152 0.0235858 0.0319090 0.0399802 0.0319090 0.0277532 0.0338826 0.0277230 0.0237744 0.0277532 0.0288312 0.0315541 0.0399802 0.0442333 0.0666447 0.0400342 0.0440526 0.0712188 0.0319090 0.0197877 0.0319090 0.0318575 0.0275637 0.0315612 0.0316723 0.0317439 0.0318923 
41         0.0078573 0.0039117 0.0158212 0.0039117 0.0118143 0.0157765 0.0157765 0.0198067 0.0078382 0.0117903 0.0039119 0.0078613 0.0197538 0.0078366 0.0078382 0.0000010 0.0078302 0.0117939 0.0078302 0.0197152 0.0000000 0.0039078 0.0118372 0.0197750 0.0118372 0.0078449 0.0126240 0.0078366 0.0078549 0.0078449 0.0081459 0.0117625 0.0197750 0.0238652 0.0453042 0.0198009 0.0237700 0.0497052 0.0118372 0.0000010 0.0118372 0.0118184 0.0078287 0.0117650 0.0118064 0.0117770 0.0118309 
49066      0.0118059 0.0078366 0.0198101 0.0078366 0.0157791 0.0197538 0.0197538 0.0238082 0.0117770 0.0077737 0.0078369 0.0118113 0.0237444 0.0117745 0.0117216 0.0039078 0.0038722 0.0077761 0.0039045 0.0235858 0.0039078 0.0000000 0.0158097 0.0237700 0.0158097 0.0117871 0.0083169 0.0117745 0.0118023 0.0117871 0.0122403 0.0077556 0.0237700 0.0278902 0.0495091 0.0238013 0.0277784 0.0539417 0.0158097 0.0039221 0.0158097 0.0157845 0.0038714 0.0077572 0.0077843 0.0157289 0.0158013 
301        0.0038273 0.0076845 0.0115571 0.0077098 0.0154704 0.0272372 0.0272372 0.0312631 0.0115480 0.0317607 0.0158265 0.0115811 0.0311801 0.0115457 0.0198202 0.0115480 0.0197998 0.0317696 0.0197998 0.0319090 0.0118372 0.0158097 0.0000000 0.0312130 0.0038186 0.0115576 0.0340335 0.0115457 0.0115721 0.0115576 0.0119927 0.0316847 0.0312130 0.0353134 0.0568512 0.0393119 0.0351732 0.0612550 0.0000010 0.0115896 0.0000010 0.0076749 0.0276775 0.0316919 0.0278837 0.0154228 0.0154925 
1584       0.0271949 0.0232107 0.0310568 0.0232879 0.0311549 0.0038120 0.0038120 0.0076547 0.0271298 0.0397950 0.0237957 0.0272091 0.0076350 0.0271239 0.0278139 0.0192909 0.0277847 0.0398059 0.0277847 0.0399802 0.0197750 0.0237700 0.0312130 0.0000000 0.0351732 0.0271525 0.0426501 0.0271239 0.0271873 0.0271525 0.0199753 0.0396985 0.0076434 0.0115271 0.0317904 0.0153980 0.0114830 0.0359610 0.0312130 0.0193604 0.0312130 0.0311643 0.0356687 0.0397079 0.0359361 0.0310568 0.0311972 
270513     0.0076671 0.0115457 0.0154350 0.0115839 0.0193702 0.0311801 0.0311801 0.0352295 0.0154228 0.0317607 0.0158265 0.0154672 0.0351360 0.0154197 0.0198202 0.0154228 0.0197998 0.0317696 0.0197998 0.0319090 0.0118372 0.0158097 0.0038186 0.0351732 0.0000000 0.0154356 0.0340335 0.0154197 0.0154551 0.0154356 0.0160179 0.0316847 0.0351732 0.0393027 0.0610162 0.0433155 0.0391465 0.0654510 0.0038186 0.0154784 0.0038186 0.0115313 0.0276775 0.0316919 0.0278837 0.0193104 0.0193976 
308        0.0076727 0.0038202 0.0154465 0.0038327 0.0115359 0.0232107 0.0232107 0.0271949 0.0076545 0.0276255 0.0117996 0.0076764 0.0271239 0.0076530 0.0157619 0.0076545 0.0157458 0.0276334 0.0157458 0.0277532 0.0078449 0.0117871 0.0115576 0.0271525 0.0154356 0.0000000 0.0252869 0.0076530 0.0076704 0.0076608 0.0079476 0.0275596 0.0271525 0.0312044 0.0524698 0.0351716 0.0310828 0.0568220 0.0115576 0.0076819 0.0115576 0.0038300 0.0235831 0.0275657 0.0237583 0.0115006 0.0115517 
70839      0.0296392 0.0252869 0.0383903 0.0252869 0.0339633 0.0382705 0.0382705 0.0427242 0.0295621 0.0082549 0.0168818 0.0296561 0.0426005 0.0295551 0.0210377 0.0210111 0.0125003 0.0082576 0.0126125 0.0338826 0.0126240 0.0083169 0.0340335 0.0426501 0.0340335 0.0252869 0.0000000 0.0295551 0.0296303 0.0295889 0.0308168 0.0082347 0.0426501 0.0472064 0.0650628 0.0428360 0.0470011 0.0698202 0.0340335 0.0210935 0.0340335 0.0296392 0.0041096 0.0082364 0.0083079 0.0252640 0.0340146 
11962      0.0076648 0.0038163 0.0154306 0.0038288 0.0115241 0.0231864 0.0231864 0.0271663 0.0076466 0.0275958 0.0117871 0.0076685 0.0270954 0.0076451 0.0157451 0.0076466 0.0157289 0.0276037 0.0157289 0.0277230 0.0078366 0.0117745 0.0115457 0.0271239 0.0154197 0.0076530 0.0295551 0.0000000 0.0076625 0.0076530 0.0079392 0.0275299 0.0271239 0.0311716 0.0524114 0.0351344 0.0310499 0.0567582 0.0115457 0.0076740 0.0115457 0.0115279 0.0235578 0.0275360 0.0237328 0.0114887 0.0115398 
828        0.0076822 0.0038250 0.0154659 0.0038375 0.0115504 0.0232403 0.0232403 0.0272297 0.0076640 0.0276617 0.0118149 0.0076859 0.0271587 0.0076625 0.0118143 0.0076640 0.0157663 0.0276696 0.0157663 0.0237744 0.0078549 0.0118023 0.0115721 0.0271873 0.0154551 0.0076704 0.0296303 0.0076625 0.0000000 0.0076704 0.0079579 0.0275958 0.0271873 0.0312458 0.0525416 0.0352182 0.0311229 0.0569004 0.0115721 0.0076915 0.0115721 0.0115543 0.0236139 0.0276020 0.0237893 0.0115150 0.0115661 
833        0.0076727 0.0038202 0.0154465 0.0038327 0.0115359 0.0232107 0.0232107 0.0271949 0.0076545 0.0276255 0.0117996 0.0076764 0.0271239 0.0076530 0.0157619 0.0076545 0.0157458 0.0276334 0.0157458 0.0277532 0.0078449 0.0117871 0.0115576 0.0271525 0.0154356 0.0076608 0.0295889 0.0076530 0.0076704 0.0000000 0.0079476 0.0275596 0.0271525 0.0312044 0.0524698 0.0351716 0.0310828 0.0568220 0.0115576 0.0076819 0.0115576 0.0115398 0.0235831 0.0275657 0.0237583 0.0115006 0.0115517 
835        0.0079603 0.0039628 0.0119634 0.0039763 0.0119695 0.0159358 0.0159358 0.0200074 0.0079408 0.0286931 0.0122538 0.0079643 0.0199537 0.0079392 0.0163700 0.0079408 0.0163526 0.0287015 0.0163526 0.0288312 0.0081459 0.0122403 0.0119927 0.0199753 0.0160179 0.0079476 0.0308168 0.0079392 0.0079579 0.0079476 0.0000000 0.0286222 0.0199753 0.0241078 0.0457816 0.0281806 0.0240112 0.0457816 0.0119927 0.0079703 0.0119927 0.0119736 0.0244906 0.0286288 0.0246793 0.0119315 0.0119864 
70991      0.0276037 0.0235578 0.0357333 0.0235578 0.0316243 0.0356299 0.0356299 0.0397624 0.0275360 0.0077018 0.0157263 0.0276185 0.0396551 0.0275299 0.0196011 0.0195786 0.0116550 0.0077041 0.0117524 0.0315541 0.0117625 0.0077556 0.0316847 0.0396985 0.0316847 0.0275596 0.0082347 0.0275299 0.0275958 0.0275596 0.0286222 0.0000000 0.0396985 0.0439193 0.0661530 0.0398589 0.0437415 0.0706909 0.0316847 0.0196501 0.0316847 0.0316341 0.0038357 0.0076855 0.0077480 0.0235377 0.0316683 
3419       0.0271949 0.0232107 0.0310568 0.0232879 0.0311549 0.0038120 0.0038120 0.0076547 0.0271298 0.0397950 0.0237957 0.0272091 0.0076350 0.0271239 0.0278139 0.0192909 0.0277847 0.0398059 0.0277847 0.0399802 0.0197750 0.0237700 0.0312130 0.0076434 0.0351732 0.0271525 0.0426501 0.0271239 0.0271873 0.0271525 0.0199753 0.0396985 0.0000000 0.0115271 0.0317904 0.0153980 0.0114830 0.0359610 0.0312130 0.0193604 0.0312130 0.0311643 0.0356687 0.0397079 0.0359361 0.0310568 0.0311972 
70877      0.0312544 0.0272297 0.0351344 0.0273208 0.0352470 0.0076642 0.0076642 0.0115449 0.0311785 0.0440263 0.0279203 0.0312712 0.0115153 0.0311716 0.0319698 0.0232773 0.0319360 0.0440381 0.0319360 0.0442333 0.0238652 0.0278902 0.0353134 0.0115271 0.0393027 0.0312044 0.0472064 0.0311716 0.0312458 0.0312044 0.0241078 0.0439193 0.0115271 0.0000000 0.0359697 0.0115057 0.0153948 0.0401873 0.0353134 0.0233615 0.0353134 0.0352576 0.0398589 0.0439298 0.0401597 0.0351344 0.0352954 
70879      0.0525554 0.0482977 0.0565524 0.0484652 0.0567431 0.0277399 0.0277399 0.0318410 0.0524246 0.0663233 0.0495652 0.0525864 0.0317562 0.0524114 0.0538029 0.0441498 0.0537423 0.0663401 0.0537423 0.0666447 0.0453042 0.0495091 0.0568512 0.0317904 0.0610162 0.0524698 0.0650628 0.0524114 0.0525416 0.0524698 0.0457816 0.0661530 0.0317904 0.0359697 0.0000000 0.0400436 0.0358246 0.0039016 0.0568512 0.0443144 0.0568512 0.0567582 0.0619108 0.0661709 0.0580673 0.0565524 0.0568220 
70880      0.0352279 0.0311785 0.0391123 0.0312830 0.0392381 0.0115176 0.0115176 0.0154219 0.0351423 0.0399554 0.0238270 0.0352470 0.0153820 0.0351344 0.0278507 0.0272079 0.0278215 0.0399663 0.0278215 0.0400342 0.0198009 0.0238013 0.0393119 0.0153980 0.0433155 0.0351716 0.0428360 0.0351344 0.0352182 0.0351716 0.0281806 0.0398589 0.0153980 0.0115057 0.0400436 0.0000000 0.0192793 0.0442921 0.0393119 0.0273065 0.0393119 0.0392496 0.0358121 0.0398683 0.0359839 0.0391123 0.0392918 
70882      0.0311314 0.0271239 0.0349965 0.0272142 0.0351078 0.0076350 0.0076350 0.0115008 0.0310568 0.0438485 0.0278086 0.0311480 0.0114711 0.0310499 0.0318412 0.0231873 0.0318074 0.0438604 0.0318074 0.0440526 0.0237700 0.0277784 0.0351732 0.0114830 0.0391465 0.0310828 0.0470011 0.0310499 0.0311229 0.0310828 0.0240112 0.0437415 0.0114830 0.0153948 0.0358246 0.0192793 0.0000000 0.0400243 0.0351732 0.0232708 0.0351732 0.0351182 0.0396985 0.0437521 0.0399969 0.0349965 0.0351555 
70883      0.0569152 0.0526142 0.0609321 0.0527977 0.0611384 0.0318766 0.0318766 0.0360191 0.0567728 0.0708743 0.0540036 0.0569494 0.0359218 0.0567582 0.0582749 0.0484308 0.0582081 0.0708920 0.0582081 0.0712188 0.0497052 0.0539417 0.0612550 0.0359610 0.0654510 0.0568220 0.0698202 0.0567582 0.0569004 0.0568220 0.0457816 0.0706909 0.0359610 0.0401873 0.0039016 0.0442921 0.0400243 0.0000000 0.0612550 0.0486122 0.0612550 0.0611542 0.0664167 0.0707105 0.0625729 0.0609321 0.0612235 
106        0.0038273 0.0076845 0.0115571 0.0077098 0.0154704 0.0272372 0.0272372 0.0312631 0.0115480 0.0317607 0.0158265 0.0115811 0.0311801 0.0115457 0.0198202 0.0115480 0.0197998 0.0317696 0.0197998 0.0319090 0.0118372 0.0158097 0.0000010 0.0312130 0.0038186 0.0115576 0.0340335 0.0115457 0.0115721 0.0115576 0.0119927 0.0316847 0.0312130 0.0353134 0.0568512 0.0393119 0.0351732 0.0612550 0.0000000 0.0115896 0.0000010 0.0076749 0.0276775 0.0316919 0.0278837 0.0154228 0.0154925 
108        0.0076938 0.0038307 0.0154894 0.0038433 0.0115678 0.0154467 0.0154467 0.0193906 0.0076755 0.0196969 0.0039262 0.0076976 0.0193402 0.0076740 0.0078669 0.0000010 0.0078589 0.0197026 0.0078589 0.0197877 0.0000010 0.0039221 0.0115896 0.0193604 0.0154784 0.0076819 0.0210935 0.0076740 0.0076915 0.0076819 0.0079703 0.0196501 0.0193604 0.0233615 0.0443144 0.0273065 0.0232708 0.0486122 0.0115896 0.0000000 0.0115896 0.0115717 0.0156940 0.0196544 0.0158103 0.0115321 0.0115836 
109        0.0038273 0.0076845 0.0115571 0.0077098 0.0154704 0.0272372 0.0271108 0.0311171 0.0115480 0.0317607 0.0158265 0.0115811 0.0311801 0.0115457 0.0198202 0.0115480 0.0197998 0.0317696 0.0197998 0.0319090 0.0118372 0.0158097 0.0000010 0.0312130 0.0038186 0.0115576 0.0340335 0.0115457 0.0115721 0.0115576 0.0119927 0.0316847 0.0312130 0.0353134 0.0568512 0.0393119 0.0351732 0.0612550 0.0000010 0.0115896 0.0000000 0.0076749 0.0276775 0.0316919 0.0278837 0.0154228 0.0154925 
111        0.0038214 0.0076727 0.0115393 0.0076979 0.0154465 0.0271949 0.0271949 0.0312130 0.0115302 0.0317101 0.0158013 0.0115633 0.0311314 0.0115279 0.0197886 0.0115302 0.0197681 0.0317189 0.0197681 0.0318575 0.0118184 0.0157845 0.0076749 0.0311643 0.0115313 0.0038300 0.0296392 0.0115279 0.0115543 0.0115398 0.0119736 0.0316341 0.0311643 0.0352576 0.0567582 0.0392496 0.0351182 0.0611542 0.0076749 0.0115717 0.0076749 0.0000000 0.0276334 0.0316413 0.0278393 0.0153990 0.0154676 
62831      0.0236206 0.0195988 0.0317091 0.0195988 0.0276246 0.0316180 0.0316180 0.0357260 0.0235629 0.0038446 0.0117751 0.0236331 0.0356299 0.0235578 0.0156549 0.0156369 0.0077572 0.0038457 0.0078219 0.0275637 0.0078287 0.0038714 0.0276775 0.0356687 0.0276775 0.0235831 0.0041096 0.0235578 0.0236139 0.0235831 0.0244906 0.0038357 0.0356687 0.0398589 0.0619108 0.0358121 0.0396985 0.0664167 0.0276775 0.0156940 0.0276775 0.0276334 0.0000000 0.0038365 0.0038676 0.0195821 0.0276631 
62833      0.0276098 0.0235629 0.0357416 0.0235629 0.0316315 0.0356382 0.0356382 0.0397718 0.0275422 0.0077033 0.0157296 0.0276246 0.0396644 0.0275360 0.0196054 0.0195828 0.0116574 0.0077056 0.0117549 0.0315612 0.0117650 0.0077572 0.0316919 0.0397079 0.0316919 0.0275657 0.0082364 0.0275360 0.0276020 0.0275657 0.0286288 0.0076855 0.0397079 0.0439298 0.0661709 0.0398683 0.0437521 0.0707105 0.0316919 0.0196544 0.0316919 0.0316413 0.0038365 0.0000000 0.0077496 0.0235428 0.0316755 
62836      0.0237962 0.0197440 0.0319462 0.0197440 0.0278305 0.0318544 0.0318544 0.0359938 0.0237380 0.0077660 0.0157851 0.0238087 0.0358970 0.0237328 0.0196747 0.0157524 0.0116982 0.0077683 0.0117963 0.0316723 0.0118064 0.0077843 0.0278837 0.0359361 0.0278837 0.0237583 0.0083079 0.0237328 0.0237893 0.0237583 0.0246793 0.0077480 0.0359361 0.0401597 0.0580673 0.0359839 0.0399969 0.0625729 0.0278837 0.0158103 0.0278837 0.0278393 0.0038676 0.0077496 0.0000000 0.0197271 0.0278693 
117        0.0115184 0.0076466 0.0193242 0.0076717 0.0153939 0.0271013 0.0271013 0.0311055 0.0114910 0.0235937 0.0157458 0.0115241 0.0310239 0.0114887 0.0197187 0.0114910 0.0196983 0.0236005 0.0196983 0.0317439 0.0117770 0.0157289 0.0154228 0.0310568 0.0193104 0.0115006 0.0252640 0.0114887 0.0115150 0.0115006 0.0119315 0.0235377 0.0310568 0.0351344 0.0565524 0.0391123 0.0349965 0.0609321 0.0154228 0.0115321 0.0154228 0.0153990 0.0195821 0.0235428 0.0197271 0.0000000 0.0154149 
118        0.0115695 0.0076805 0.0194117 0.0077058 0.0154625 0.0272234 0.0272234 0.0312471 0.0115421 0.0317443 0.0158182 0.0115752 0.0311643 0.0115398 0.0198098 0.0115421 0.0197901 0.0317532 0.0197901 0.0318923 0.0118309 0.0158013 0.0154925 0.0311972 0.0193976 0.0115517 0.0340146 0.0115398 0.0115661 0.0115517 0.0119864 0.0316683 0.0311972 0.0352954 0.0568220 0.0392918 0.0351555 0.0612235 0.0154925 0.0115836 0.0154925 0.0154676 0.0276631 0.0316755 0.0278693 0.0154149 0.0000000 
