7
933        0.0000000 0.0195215 0.0155686 0.0077362 0.0038562 0.0235002 0.0077362 
1768       0.0195215 0.0000000 0.0274067 0.0194543 0.0155152 0.0038431 0.0194543 
1674       0.0155686 0.0274067 0.0000000 0.0077099 0.0116005 0.0234181 0.0077099 
853        0.0077362 0.0194543 0.0077099 0.0000000 0.0038431 0.0155152 0.0000010 
854        0.0038562 0.0155152 0.0116005 0.0038431 0.0000000 0.0194543 0.0038431 
2582       0.0235002 0.0038431 0.0234181 0.0155152 0.0194543 0.0000000 0.0155152 
70902      0.0077362 0.0194543 0.0077099 0.0000010 0.0038431 0.0155152 0.0000000 
