S31	112953	0	0.3039635130771714	0.18286970893912652	0.2478854347143821	0.21777119475562542	0.18999361798493025	0.17682932562348683	0.16503492911032105	0.27383145820427246	0.18723010756189679	0.1734438916998349	0.2752734062416644	0.18420680634894185	0.30491184915819697	0.18593572866235838	0.1754964341716831	0.18439088261374206	0.18710001095075465	0.18976576320210686	0.16722515542263694	0.18455638216235903	0.17886760010423852	0.19043183132930955	0.19095718613495755	0.17828180555835438	0.27125072768796743	0.17986306069672298	0.17643818206142609	0.176120801060406	0.16228814130654626	0.18025784147301377	0.21175301158350174	0.2383069736027466	0.1865909829329358	0.18201397687375578	0.1840794475490828
S153	112956	0.3039635130771714	0	0.2523490280114289	0.12061441928226319	0.1358627786513736	0.1787501471800306	0.2595848457350272	0.1944279939676484	0.15320696896965544	0.3029816841201435	0.2584601115709259	0.13301901680738584	0.2748858032177217	0.3264484588543182	0.302378536966183	0.23502751261274485	0.31021746861277755	0.3211596667571794	0.3185421805641499	0.24576871540286446	0.1811095463365473	0.24117605322357102	0.23336159982108243	0.31150537926812605	0.30478238866396756	0.18268584325777942	0.2453690883100716	0.2591336694540089	0.23989046957719057	0.23233588779641412	0.20843247029533968	0.161948595625623	0.17278287461773703	0.31847946384653225	0.3149503267545336	0.25328386518766394
S179	112957	0.18286970893912652	0.2523490280114289	0	0.1914635017849924	0.17590363433226422	0.10571619012595389	0.05906331461362167	0.06834355912929019	0.2323036637101159	0.06665801732648181	0.08082209354658833	0.23699147382168875	0.0759118730198108	0.21116088572381614	0.06409914977906607	0.04412793244062169	0.07407332883806977	0.08203529093940054	0.07965499746321665	0.038519138950508576	0.09232720546814206	0.01668108776142513	0.08635694092056387	0.07238100345034726	0.0717834988046249	0.20370648120373144	0.04394378439263487	0.03695832562815025	0.03444481517868363	0.07292153812701761	0.05430082903573096	0.14423337421741458	0.20371883131088864	0.1149968942185048	0.08366623597206287	0.031188301764876802
S231	112961	0.2478854347143821	0.12061441928226319	0.1914635017849924	0	0.07976764335320694	0.10548384542907716	0.2037712748391046	0.13077752006338209	0.16117044710093156	0.2525452652511471	0.20470130583198154	0.10118521678193837	0.2267331642622391	0.2689087830868099	0.24831890689942537	0.17395455158508222	0.2581438877712605	0.2671000366904217	0.2644825504973923	0.186102918552645	0.10876448231379753	0.183511456356127	0.16668597496906654	0.2574457492013685	0.25072275859720994	0.2160599286952874	0.18679567367760583	0.2005560867733323	0.17712046399438117	0.17267009094619465	0.14638183951405237	0.11366831064704357	0.12841250758096903	0.2735997135790179	0.2613875262789068	0.19069623599489302
S619	112983	0.21777119475562542	0.1358627786513736	0.17590363433226422	0.07976764335320694	0	0.08259073377289719	0.18566551522129968	0.11293763410101985	0.16289221046123548	0.2396262363228876	0.1861826057418779	0.10964322320386381	0.21009703662751186	0.24545287776919308	0.23905750908210593	0.1621580877003337	0.24903168814110963	0.25463887774598704	0.25461335676625657	0.17425938368282226	0.09659513564257122	0.1682695695491069	0.15652064830771567	0.24498459025693373	0.23844639504004617	0.20999191820712476	0.17508959077281092	0.18166989690608762	0.16293789086250754	0.15637719925066143	0.13253037758202144	0.07182854842774615	0.12020323761306656	0.25703261446818754	0.25461335676625657	0.1762712074109487
S797	112991	0.18999361798493025	0.1787501471800306	0.10571619012595389	0.10548384542907716	0.08259073377289719	0	0.110969682943763	0.053268756982819174	0.17255645672561926	0.1646195671819362	0.13648196536351723	0.1464838050773271	0.14985762197222868	0.18846175238236493	0.16341506954180018	0.09646981342077937	0.17338924860080385	0.1790995694875441	0.1789709172259508	0.11367543034064977	0.04595768174096402	0.09670519710158056	0.11664831055908492	0.16878154877454254	0.16697794495492488	0.19697415045967442	0.11506774635742263	0.11963714482845135	0.10644221134431012	0.11705079037293799	0.07290110519000799	0.07922535900823963	0.14739701988793794	0.18540268456375836	0.1846248047533162	0.1053320059640567
S1104	113004	0.17682932562348683	0.2595848457350272	0.05906331461362167	0.2037712748391046	0.18566551522129968	0.110969682943763	0	0.08540456972874284	0.24393774882374233	0.06530943086206747	0.07371179033505991	0.24167083125104113	0.06935186501663874	0.17094790542113844	0.06928685869588758	0.043809637009737425	0.07539389089239167	0.09150449089041436	0.08660213298086021	0.06503615540588081	0.11367889457195761	0.04600895264951881	0.0823894339084336	0.07610150034086101	0.07241148096539668	0.23647118046816007	0.04370016334787109	0.048272281304830425	0.048978893503180715	0.07176161003747215	0.0765983485080747	0.1545726685704842	0.20932194453232095	0.0924195223260644	0.09274792440154576	0.07338454393233843
S1133	113008	0.16503492911032105	0.1944279939676484	0.06834355912929019	0.13077752006338209	0.11293763410101985	0.053268756982819174	0.08540456972874284	0	0.18906913183211227	0.13132836858551034	0.10017193026837884	0.16881720071535603	0.11447069303043243	0.19808985859819217	0.12915172787518478	0.056216845660663095	0.13912590693418847	0.14583605622948634	0.14517123911208088	0.06649407447145217	0.03174705679352064	0.05930730019387221	0.093792136367894	0.13618176874043306	0.13271460328830942	0.18411246013956764	0.06863545436490441	0.076965922435083	0.058730985236475394	0.07760164080326325	0.038814149115065005	0.08555987281306214	0.15565641203539762	0.15675655405980998	0.14470757555933536	0.06746838589444801
S1226	113012	0.27383145820427246	0.15320696896965544	0.2323036637101159	0.16117044710093156	0.16289221046123548	0.17255645672561926	0.24393774882374233	0.18906913183211227	0	0.2680142802767471	0.23575547579907244	0.12559518286459376	0.24921977108369325	0.27532271209273756	0.26692826925083435	0.21718111959133032	0.2731599057632906	0.2844801592291665	0.2869219473885497	0.21878007863268312	0.18639946452825512	0.22570354556187303	0.22187307621833466	0.278147965961961	0.26506337372295213	0.19836420266768115	0.23278705007694456	0.23456599389123972	0.22259957479882284	0.21999033539750146	0.20675613628528458	0.16192963692420634	0.14623116078454815	0.2833977695921742	0.26885981641306905	0.2302606615627655
S2018	113036	0.18723010756189679	0.3029816841201435	0.06665801732648181	0.2525452652511471	0.2396262363228876	0.1646195671819362	0.06530943086206747	0.13132836858551034	0.2680142802767471	0	0.07792470950057342	0.29835620789246303	0.05802043413569164	0.21106334538743932	0.016820190322247127	0.08224312236264113	0.017764637442063066	0.04525042050156916	0.022185701603764395	0.07810451427580299	0.15685026800889404	0.07325687665011231	0.11537401099653175	0.016652801250199287	0.03267494590221297	0.22106942767591944	0.06957136157747029	0.06200483375487041	0.08239169146862861	0.10214636974921107	0.11738646478154753	0.20358884296285987	0.2566654182173815	0.07054490506722345	0.050406740836108826	0.07060166616349602
S2284	113040	0.1734438916998349	0.2584601115709259	0.08082209354658833	0.20470130583198154	0.1861826057418779	0.13648196536351723	0.07371179033505991	0.10017193026837884	0.23575547579907244	0.07792470950057342	0	0.2602634256131373	0.03806228869826998	0.21073543897213348	0.07737288622965859	0.05557926000258317	0.07378582706138014	0.08315324863478844	0.09553836218357695	0.06726018511397303	0.11579579089662882	0.07785389863959205	0.07313765905494386	0.08214547101314763	0.06364477989820369	0.2547637408063836	0.052029261743344914	0.0637521621793689	0.06694994234025295	0.05887974512498237	0.10250799411926105	0.1484319467958056	0.19802594992420947	0.09951711777038974	0.0750937058956049	0.09881390552218482
S3204	113062	0.2752734062416644	0.13301901680738584	0.23699147382168875	0.10118521678193837	0.10964322320386381	0.1464838050773271	0.24167083125104113	0.16881720071535603	0.12559518286459376	0.29835620789246303	0.2602634256131373	0	0.2831064458069291	0.25030381415448555	0.2977874806516815	0.2217597235806207	0.30776165971068514	0.313343328335832	0.3139884398274368	0.23406076594423986	0.14875128883114883	0.22777376694741153	0.22656731124522725	0.3031539598844237	0.30135035606480604	0.207022401208155	0.23489097303422846	0.2445738579308476	0.2227392731239251	0.22269469660774008	0.19587595855608028	0.13556249091752076	0.1444919741963881	0.3195551756831864	0.31334332833583195	0.23293413242779107
S3470	113074	0.18420680634894185	0.2748858032177217	0.0759118730198108	0.2267331642622391	0.21009703662751186	0.14985762197222868	0.06935186501663874	0.11447069303043243	0.24921977108369325	0.05802043413569164	0.03806228869826998	0.2831064458069291	0	0.2209444480922499	0.05578910786807278	0.06379712231316657	0.051335890852942635	0.05210924309931219	0.07397380238245174	0.0796626272720414	0.13962117215338732	0.07195226537832244	0.08993881945107673	0.06058091121202243	0.03426105879897086	0.2451799973208274	0.05407387399501804	0.06340891798383506	0.06923642315444202	0.0832775487104859	0.1055897701600481	0.17157753733421974	0.22663272564364442	0.06847311223491347	0.051319208375623544	0.08918176159009693
S1166b	113099	0.30491184915819697	0.3264484588543182	0.21116088572381614	0.2689087830868099	0.24545287776919308	0.18846175238236493	0.17094790542113844	0.19808985859819217	0.27532271209273756	0.21106334538743932	0.21073543897213348	0.25030381415448555	0.2209444480922499	0	0.22442903241302797	0.1833993668152717	0.2260743315121168	0.2454166711716095	0.23056784736230637	0.21086380484179762	0.19338854962055907	0.20157035417958477	0.20178713965983314	0.22399020348161666	0.22755365468253713	0.33759268114230406	0.1992974915769705	0.20006116196672294	0.19973128643947052	0.1913277882338656	0.22501247704529587	0.21276302009368434	0.26425325059315635	0.22826137735519683	0.24270726150745395	0.21790113590576798
SN11	113114	0.18593572866235838	0.302378536966183	0.06409914977906607	0.24831890689942537	0.23905750908210593	0.16341506954180018	0.06928685869588758	0.12915172787518478	0.26692826925083435	0.016820190322247127	0.07737288622965859	0.2977874806516815	0.05578910786807278	0.22442903241302797	0	0.08066691437875737	0.025372510944652735	0.043125945079985246	0.02008776716401526	0.07538398663943284	0.15430220699813962	0.07173399433487387	0.11484054167734885	0.013308937071461184	0.03267578391063281	0.209624603027625	0.06837953975939128	0.05781256974740841	0.0786126943472939	0.0997914972280688	0.11385405581213168	0.2016834362451972	0.255275098703954	0.07970196330892151	0.050442357510100226	0.06518188926169101
SN110	113115	0.1754964341716831	0.23502751261274485	0.04412793244062169	0.17395455158508222	0.1621580877003337	0.09646981342077937	0.043809637009737425	0.056216845660663095	0.21718111959133032	0.08224312236264113	0.05557926000258317	0.2217597235806207	0.06379712231316657	0.1833993668152717	0.08066691437875737	0	0.08964860096240675	0.09855170934342289	0.10031992057159546	0.051168610098173715	0.07740278561636735	0.03219493569622846	0.054338249402298575	0.09154593914500676	0.080462296794897	0.22244449818573483	0.02486556211814851	0.031779378044875156	0.023642076670501545	0.041349250790029095	0.051074281501284145	0.12425261210373137	0.18746495684139194	0.11419472662115526	0.09245526906592288	0.05170588133563525
SN126	113121	0.18439088261374206	0.31021746861277755	0.07407332883806977	0.2581438877712605	0.24903168814110963	0.17338924860080385	0.07539389089239167	0.13912590693418847	0.2731599057632906	0.017764637442063066	0.07378582706138014	0.30776165971068514	0.051335890852942635	0.2260743315121168	0.025372510944652735	0.08964860096240675	0	0.030493386322749047	0.02695659633738644	0.0858439643824706	0.16534523125459047	0.08118082245906436	0.1177090501283752	0.019348430969869563	0.023884837682817073	0.22930783449269637	0.0748870635256554	0.06940899656259267	0.08979585427635087	0.11016118722640465	0.12572182358582765	0.21091364972498677	0.26364198262881944	0.05980640331513965	0.03422910527376485	0.07992154435094893
SN127	113122	0.18710001095075465	0.3211596667571794	0.08203529093940054	0.2671000366904217	0.25463887774598704	0.1790995694875441	0.09150449089041436	0.14583605622948634	0.2844801592291665	0.04525042050156916	0.08315324863478844	0.313343328335832	0.05210924309931219	0.2454166711716095	0.043125945079985246	0.09855170934342289	0.030493386322749047	0	0.0450529069700974	0.0932392336473339	0.16985805468229018	0.08844484462119205	0.123563683267203	0.03982280507229184	0.02796340296850422	0.23733514094478	0.08440954016288246	0.07370824029382474	0.09485755098578799	0.11734338720640092	0.13175004427905718	0.2179982829484965	0.2696017065754404	0.04992903226164012	0.015753499927343664	0.08864204247716162
SN141	113128	0.18976576320210686	0.3185421805641499	0.07965499746321665	0.2644825504973923	0.25461335676625657	0.1789709172259508	0.08660213298086021	0.14517123911208088	0.2869219473885497	0.022185701603764395	0.09553836218357695	0.3139884398274368	0.07397380238245174	0.23056784736230637	0.02008776716401526	0.10031992057159546	0.02695659633738644	0.0450529069700974	0	0.0954717538034481	0.1698580546822902	0.09044191614604614	0.13241744027791147	0.01688461678214004	0.04729760301188711	0.21163357170483627	0.08429674289718585	0.07705959191987916	0.09799857657119293	0.11978517536578417	0.12940990349628226	0.22039135805636942	0.2746609809278531	0.06597046092773579	0.05303642567475706	0.08349062963442411
SN145	113129	0.16722515542263694	0.24576871540286446	0.038519138950508576	0.186102918552645	0.17425938368282226	0.11367543034064977	0.06503615540588081	0.06649407447145217	0.21878007863268312	0.07810451427580299	0.06726018511397303	0.23406076594423986	0.0796626272720414	0.21086380484179762	0.07538398663943284	0.051168610098173715	0.0858439643824706	0.0932392336473339	0.0954717538034481	0	0.08959313122773135	0.03513308593145078	0.08530088424725145	0.08610686536261451	0.07444876840669318	0.1972577470967427	0.047553867255876126	0.04108469983721576	0.04342727843654629	0.05627726613953663	0.06414822111629913	0.1365536544673506	0.1908500661142679	0.12897046739373522	0.08392750290054272	0.04483765888551463
SN150	113131	0.18455638216235903	0.1811095463365473	0.09232720546814206	0.10876448231379753	0.09659513564257122	0.04595768174096402	0.11367889457195761	0.03174705679352064	0.18639946452825512	0.15685026800889404	0.11579579089662882	0.14875128883114883	0.13962117215338732	0.19338854962055907	0.15430220699813962	0.07740278561636735	0.16534523125459047	0.16985805468229018	0.1698580546822902	0.08959313122773135	0	0.08416440879552615	0.09328210095062132	0.15966868623088193	0.15786508241126435	0.19962116391961837	0.09059851650768018	0.10125959441905524	0.07827163840741663	0.08923627577528691	0.05629949461457091	0.07862266218836293	0.1445445749899709	0.18112696195352657	0.1698580546822902	0.09053091806892738
SN152	113132	0.17886760010423852	0.24117605322357102	0.01668108776142513	0.183511456356127	0.1682695695491069	0.09670519710158056	0.04600895264951881	0.05930730019387221	0.22570354556187303	0.07325687665011231	0.07785389863959205	0.22777376694741153	0.07195226537832244	0.20157035417958477	0.07173399433487387	0.03219493569622846	0.08118082245906436	0.08844484462119205	0.09044191614604614	0.03513308593145078	0.08416440879552615	0	0.07349800493719738	0.0807626274986001	0.07435081494612375	0.2079751069487467	0.03418716094025353	0.031993392274786356	0.025959138154894264	0.06257489235655178	0.04483762355630513	0.1309580637207622	0.19156672287556467	0.11621644350289825	0.08919903390038905	0.034547194557166504
SN172	113138	0.19043183132930955	0.23336159982108243	0.08635694092056387	0.16668597496906654	0.15652064830771567	0.11664831055908492	0.0823894339084336	0.093792136367894	0.22187307621833466	0.11537401099653175	0.07313765905494386	0.22656731124522725	0.08993881945107673	0.20178713965983314	0.11484054167734885	0.054338249402298575	0.1177090501283752	0.123563683267203	0.13241744027791147	0.08530088424725145	0.09328210095062132	0.07349800493719738	0	0.11860692754592121	0.10129243939807954	0.2644493644524662	0.05387678469322109	0.07570698608531867	0.05463676345198345	0.03820377922360922	0.08434865480548896	0.11084661977071861	0.17167862804866718	0.13550141138767335	0.11244044136684213	0.10101686215027772
SN190	113145	0.19095718613495755	0.31150537926812605	0.07238100345034726	0.2574457492013685	0.24498459025693373	0.16878154877454254	0.07610150034086101	0.13618176874043306	0.278147965961961	0.016652801250199287	0.08214547101314763	0.3031539598844237	0.06058091121202243	0.22399020348161666	0.013308937071461184	0.09154593914500676	0.019348430969869563	0.03982280507229184	0.01688461678214004	0.08610686536261451	0.15966868623088193	0.0807626274986001	0.11860692754592121	0	0.03409336604739619	0.21672720740999052	0.07475525267382917	0.06601187861277737	0.08852535771858255	0.11101119393919548	0.12209575679000392	0.21031606582590454	0.26273443234588	0.07112224696746056	0.05036449960925257	0.07156548736348645
SN33	113160	0.17828180555835438	0.30478238866396756	0.0717834988046249	0.25072275859720994	0.23844639504004617	0.16697794495492488	0.07241148096539668	0.13271460328830942	0.26506337372295213	0.03267494590221297	0.06364477989820369	0.30135035606480604	0.03426105879897086	0.22755365468253713	0.03267578391063281	0.080462296794897	0.023884837682817073	0.02796340296850422	0.04729760301188711	0.07444876840669318	0.15786508241126435	0.07435081494612375	0.10129243939807954	0.03409336604739619	0	0.23814851346581792	0.0680322620696707	0.056940988922260224	0.08047432587962819	0.09455110926809042	0.11298640643723404	0.19971529014451692	0.2551417891742044	0.055301363972442154	0.025932106555808764	0.08489364040741991
SN38	113163	0.27125072768796743	0.18268584325777942	0.20370648120373144	0.2160599286952874	0.20999191820712476	0.19697415045967442	0.23647118046816007	0.18411246013956764	0.19836420266768115	0.22106942767591944	0.2547637408063836	0.207022401208155	0.2451799973208274	0.33759268114230406	0.209624603027625	0.22244449818573483	0.22930783449269637	0.23733514094478	0.21163357170483627	0.1972577470967427	0.19962116391961837	0.2079751069487467	0.2644493644524662	0.21672720740999052	0.23814851346581792	0	0.22240461862813513	0.21045603383586878	0.2166314378936486	0.2430672976658379	0.19601733071432614	0.23113174119481256	0.2523717047255519	0.26253496145712535	0.24024752935116558	0.18329429844387687
SN40	113165	0.17986306069672298	0.2453690883100716	0.04394378439263487	0.18679567367760583	0.17508959077281092	0.11506774635742263	0.04370016334787109	0.06863545436490441	0.23278705007694456	0.06957136157747029	0.052029261743344914	0.23489097303422846	0.05407387399501804	0.1992974915769705	0.06837953975939128	0.02486556211814851	0.0748870635256554	0.08440954016288246	0.08429674289718585	0.047553867255876126	0.09059851650768018	0.03418716094025353	0.05387678469322109	0.07475525267382917	0.0680322620696707	0.22240461862813513	0	0.03185765693872311	0.0224809194571765	0.04295042500093615	0.056365627541483505	0.14020434323648262	0.1991840765279946	0.09821513872575746	0.0795750651433153	0.05730124699153891
SN42	113166	0.17643818206142609	0.2591336694540089	0.03695832562815025	0.2005560867733323	0.18166989690608762	0.11963714482845135	0.048272281304830425	0.076965922435083	0.23456599389123972	0.06200483375487041	0.0637521621793689	0.2445738579308476	0.06340891798383506	0.20006116196672294	0.05781256974740841	0.031779378044875156	0.06940899656259267	0.07370824029382474	0.07705959191987916	0.04108469983721576	0.10125959441905524	0.031993392274786356	0.07570698608531867	0.06601187861277737	0.056940988922260224	0.21045603383586878	0.03185765693872311	0	0.03206119661578541	0.0572015679025025	0.059037557644227016	0.14518244603075192	0.20671353854068425	0.10241433021806849	0.07336448598130843	0.041508316225248976
SN45	113167	0.176120801060406	0.23989046957719057	0.03444481517868363	0.17712046399438117	0.16293789086250754	0.10644221134431012	0.048978893503180715	0.058730985236475394	0.22259957479882284	0.08239169146862861	0.06694994234025295	0.2227392731239251	0.06923642315444202	0.19973128643947052	0.0786126943472939	0.023642076670501545	0.08979585427635087	0.09485755098578799	0.09799857657119293	0.04342727843654629	0.07827163840741663	0.025959138154894264	0.05463676345198345	0.08852535771858255	0.08047432587962819	0.2166314378936486	0.0224809194571765	0.03206119661578541	0	0.04461756556479156	0.046411707522169256	0.12590358271430135	0.18358658903469025	0.11392004856272052	0.09246729815065408	0.049348151083216316
SN63	113176	0.16228814130654626	0.23233588779641412	0.07292153812701761	0.17267009094619465	0.15637719925066143	0.11705079037293799	0.07176161003747215	0.07760164080326325	0.21999033539750146	0.10214636974921107	0.05887974512498237	0.22269469660774008	0.0832775487104859	0.1913277882338656	0.0997914972280688	0.041349250790029095	0.11016118722640465	0.11734338720640092	0.11978517536578417	0.05627726613953663	0.08923627577528691	0.06257489235655178	0.03820377922360922	0.11101119393919548	0.09455110926809042	0.2430672976658379	0.04295042500093615	0.0572015679025025	0.04461756556479156	0	0.08071605028415661	0.11774824093620843	0.177483617300131	0.1248426962445654	0.1046026722587224	0.08791006925095587
SN72	113180	0.18025784147301377	0.20843247029533968	0.05430082903573096	0.14638183951405237	0.13253037758202144	0.07290110519000799	0.0765983485080747	0.038814149115065005	0.20675613628528458	0.11738646478154753	0.10250799411926105	0.19587595855608028	0.1055897701600481	0.22501247704529587	0.11385405581213168	0.051074281501284145	0.12572182358582765	0.13175004427905718	0.12940990349628226	0.06414822111629913	0.05629949461457091	0.04483762355630513	0.08434865480548896	0.12209575679000392	0.11298640643723404	0.19601733071432614	0.056365627541483505	0.059037557644227016	0.046411707522169256	0.08071605028415661	0	0.09843556475849592	0.1776632137813521	0.13840380751300743	0.12940990349628223	0.05619160071648771
SN92	113188	0.21175301158350174	0.161948595625623	0.14423337421741458	0.11366831064704357	0.07182854842774615	0.07922535900823963	0.1545726685704842	0.08555987281306214	0.16192963692420634	0.20358884296285987	0.1484319467958056	0.13556249091752076	0.17157753733421974	0.21276302009368434	0.2016834362451972	0.12425261210373137	0.21091364972498677	0.2179982829484965	0.22039135805636942	0.1365536544673506	0.07862266218836293	0.1309580637207622	0.11084661977071861	0.21031606582590454	0.19971529014451692	0.23113174119481256	0.14020434323648262	0.14518244603075192	0.12590358271430135	0.11774824093620843	0.09843556475849592	0	0.12434164127170008	0.22818632883174342	0.21613878720356514	0.14166132093254902
S2136	113193	0.2383069736027466	0.17278287461773703	0.20371883131088864	0.12841250758096903	0.12020323761306656	0.14739701988793794	0.20932194453232095	0.15565641203539762	0.14623116078454815	0.2566654182173815	0.19802594992420947	0.1444919741963881	0.22663272564364442	0.26425325059315635	0.255275098703954	0.18746495684139194	0.26364198262881944	0.2696017065754404	0.2746609809278531	0.1908500661142679	0.1445445749899709	0.19156672287556467	0.17167862804866718	0.26273443234588	0.2551417891742044	0.2523717047255519	0.1991840765279946	0.20671353854068425	0.18358658903469025	0.177483617300131	0.1776632137813521	0.12434164127170008	0	0.27765869273200144	0.2664364079726094	0.20293956081845907
S2893	113194	0.1865909829329358	0.31847946384653225	0.1149968942185048	0.2735997135790179	0.25703261446818754	0.18540268456375836	0.0924195223260644	0.15675655405980998	0.2833977695921742	0.07054490506722345	0.09951711777038974	0.3195551756831864	0.06847311223491347	0.22826137735519683	0.07970196330892151	0.11419472662115526	0.05980640331513965	0.04992903226164012	0.06597046092773579	0.12897046739373522	0.18112696195352657	0.11621644350289825	0.13550141138767335	0.07112224696746056	0.055301363972442154	0.26253496145712535	0.09821513872575746	0.10241433021806849	0.11392004856272052	0.1248426962445654	0.13840380751300743	0.22818632883174342	0.27765869273200144	0	0.053228004617413595	0.13230023463005244
SN84	113202	0.18201397687375578	0.3149503267545336	0.08366623597206287	0.2613875262789068	0.25461335676625657	0.1846248047533162	0.09274792440154576	0.14470757555933536	0.26885981641306905	0.050406740836108826	0.0750937058956049	0.31334332833583195	0.051319208375623544	0.24270726150745395	0.050442357510100226	0.09245526906592288	0.03422910527376485	0.015753499927343664	0.05303642567475706	0.08392750290054272	0.1698580546822902	0.08919903390038905	0.11244044136684213	0.05036449960925257	0.025932106555808764	0.24024752935116558	0.0795750651433153	0.07336448598130843	0.09246729815065408	0.1046026722587224	0.12940990349628223	0.21613878720356514	0.2664364079726094	0.053228004617413595	0	0.09452474864518068
SN96	113203	0.1840794475490828	0.25328386518766394	0.031188301764876802	0.19069623599489302	0.1762712074109487	0.1053320059640567	0.07338454393233843	0.06746838589444801	0.2302606615627655	0.07060166616349602	0.09881390552218482	0.23293413242779107	0.08918176159009693	0.21790113590576798	0.06518188926169101	0.05170588133563525	0.07992154435094893	0.08864204247716162	0.08349062963442411	0.04483765888551463	0.09053091806892738	0.034547194557166504	0.10101686215027772	0.07156548736348645	0.08489364040741991	0.18329429844387687	0.05730124699153891	0.041508316225248976	0.049348151083216316	0.08791006925095587	0.05619160071648771	0.14166132093254902	0.20293956081845907	0.13230023463005244	0.09452474864518068	0
