S31	112953	0.0	0.010748226969671024	0.0039018605795936748	0.009362073324374361	0.0053099055918543175	0.004680250794345477	0.004034444734979961	0.003252170717661081	0.004085456302937894	0.003966783249902077	0.0038069714352178675	0.0035208943513846008	0.005355305778266627	0.0030568850182483643	0.003325988711108122	0.0035234626849379503	0.004049482461390942	0.005030694287582225	0.007822493632536029	0.005099053016512021	0.0044147164055920365	0.004533610446213404	0.00429063154334564	0.004058723179103139	0.004598214757074766	0.003925494153530818	0.009191585109214431	0.00807955763766488	0.009194011737076598	0.009514356387888107	0.010035697282389254	0.01083118484698954	0.010878728110038123	0.010833554310916704	0.005768220037254894	0.003412041704916456
S2893	113194	0.010748226969671024	0.0	0.0081904875372266	0.002105539148252869	0.005870712184039891	0.006598165475091489	0.011102038792565574	0.00821556358822117	0.010591497024733958	0.010984210118555097	0.010025828259858609	0.01049099864333889	0.012160711811904857	0.008288477529491616	0.007858952106667772	0.008458501202106972	0.009333518506279372	0.00637581180237154	0.004079069605841492	0.006392536093958086	0.006969280471030783	0.00684580024666871	0.00712211081171774	0.007306605826206432	0.006759491696698753	0.009444566721516527	0.0024159067305122048	0.0037648088330535993	0.0024047205258026392	0.0021190337795024996	0.001594616713089264	0.000934042842336935	0.0008139926878201453	0.0010333322535550642	0.011586311048925713	0.009069784385066355
SN172	113138	0.0039018605795936748	0.0081904875372266	0.0	0.006353624578412466	0.0023826046030919912	0.0016457936455164129	0.003821204626268021	0.001483200592738906	0.0031122556648497564	0.0036478924538030067	0.003639038985272964	0.0032260383773727312	0.005678168306439438	0.0020989482613734973	0.0017619530505107333	0.0014041246744795838	0.0018540725678974905	0.0022960007935744183	0.004761052130164132	0.0020475173382825313	0.0015324456050915798	0.001630411236681046	0.0014739574366348137	0.0011919160247508811	0.0017949257782463703	0.0027133322758837145	0.006193961394394367	0.005081579697439369	0.006196195666980065	0.006516563925593071	0.007037965054213681	0.007833527646804153	0.007881066089841116	0.007835900902344994	0.005496826800676478	0.0034699351486081266
SN33	113160	0.009362073324374361	0.002105539148252869	0.006353624578412466	0.0	0.0040947329391873	0.0048030782110585835	0.00957274207073715	0.0065482142043935595	0.009038633619320594	0.009376133454594723	0.008684651924745535	0.00894237547624569	0.01077440405144094	0.006690263464263735	0.006280493173385651	0.007072193441643052	0.0078054445626275296	0.004621348435187727	0.0022038645280129713	0.004523495364968076	0.005202012973201108	0.0050762588778667204	0.005334901809435661	0.005524672525685413	0.004964894186640517	0.008135228823174695	0.00043562033307706897	0.0017770936420816637	0.00036335559464925247	0.00024460583993395936	0.0007725136509433277	0.0015247691956550955	0.001572305413987888	0.0015271402264917654	0.010200003288461792	0.007683545265787144
SN42	113166	0.0053099055918543175	0.005870712184039891	0.0023826046030919912	0.0040947329391873	0.0	0.0008643773091003423	0.00560430152067365	0.0024652963100767473	0.0050979558152023235	0.00546048794789553	0.005394795033365502	0.004953729292975824	0.006793848112069327	0.0026482440666822983	0.0022847999162912205	0.003052733034252222	0.0038547255015245183	0.0006269548229144195	0.002539699176465495	0.0008711401518893908	0.0011473343153707584	0.000982401196854558	0.0012712975897078108	0.0014394224976182733	0.0011181731404583208	0.004836871091313919	0.003959856897334774	0.00283866660805325	0.003953269349198759	0.0042736376078117665	0.004795038736432376	0.005590601329022849	0.005638139772059812	0.00559297458456369	0.006608569833633543	0.00423984924237388
SN63	113176	0.004680250794345477	0.006598165475091489	0.0016457936455164129	0.0048030782110585835	0.0008643773091003423	0.0	0.004903911309950953	0.001842687440477838	0.004376440645982983	0.004838374124797977	0.004852958961810289	0.004392538430174011	0.00610124895934176	0.0020970441328476935	0.0017258438045458463	0.0025815663816052842	0.003262095419485941	0.0008762600444887181	0.0032615370916333065	0.0005633976382204937	0.0008920002277651506	0.0007527341740327318	0.0008721361966478625	0.0008814691061624783	0.0009725464798684345	0.004100491622317306	0.004703614166512061	0.003567581913272036	0.00468218307096325	0.005002551329576259	0.005523952458196869	0.00631951505078734	0.006367053493824303	0.00632188830632818	0.0058948385783386065	0.0037521680473020327
S619	112983	0.004034444734979961	0.011102038792565574	0.003821204626268021	0.00957274207073715	0.00560430152067365	0.004903911309950953	0.0	0.003180472665105023	0.0009818778359795772	0.001202180837162368	0.0021760139161131407	0.0009422497821370636	0.0026484121126138455	0.003182401720827757	0.003468920689129557	0.003213083176885822	0.0032914557628220533	0.0052752494499266125	0.007851111186919555	0.005341741174587208	0.004647303665429428	0.004806765836497231	0.0045609441519457025	0.004320514400973237	0.004831003168393983	0.002905463809986481	0.009371808727484549	0.008043942435571274	0.009374250154903356	0.00969461841351636	0.010216019542136969	0.011011582134727442	0.011059120577764404	0.011013955390268282	0.0029385030338497857	0.002596628849126594
SN72	113180	0.003252170717661081	0.00821556358822117	0.001483200592738906	0.0065482142043935595	0.0024652963100767473	0.001842687440477838	0.003180472665105023	0.0	0.00271396429701236	0.003090612962032509	0.0031522895813332007	0.0026211136085556295	0.004457592712135449	0.001142587766644965	0.0011132279410669597	0.001530148331325748	0.002429622414234788	0.002233506141028879	0.004965596257958952	0.0022688775970873777	0.0015549820016403306	0.0016970553974208363	0.0014940992674994838	0.0012920442742696127	0.0018244913030146075	0.0028087830441772513	0.006411196365413381	0.005299015477524536	0.0064136377928321895	0.006734006051445196	0.007255407180065807	0.008050969772656279	0.008098508215693242	0.00805334302819712	0.004227449166216926	0.0020699382365039014
SN92	113188	0.004085456302937894	0.010591497024733958	0.0031122556648497564	0.009038633619320594	0.0050979558152023235	0.004376440645982983	0.0009818778359795772	0.00271396429701236	0.0	0.0013733358331402758	0.0023062057691532393	0.0009238413032294185	0.0032214269976389267	0.0029067607281837993	0.0031660180769006916	0.0028475044892816532	0.0025538525396627517	0.004856450900766161	0.00733393262960651	0.004837270177838666	0.004183625574798726	0.004332829183537402	0.004129873893030635	0.003864253350535125	0.004393490600002447	0.0023692255251076227	0.008861302089602877	0.0075206649513986845	0.008863743517021686	0.009184111775634692	0.009705512904255302	0.010501075496845775	0.010548613939882738	0.010503448752386615	0.0027784302516503856	0.002577108670758742
S231	112961	0.003966783249902077	0.010984210118555097	0.0036478924538030067	0.009376133454594723	0.00546048794789553	0.004838374124797977	0.001202180837162368	0.003090612962032509	0.0013733358331402758	0.0	0.0017870832824106566	0.0010286558688736619	0.002487800775240288	0.0029838450500252133	0.003256437973551536	0.0029837177961158155	0.003000050062594799	0.005006545260259853	0.007661949724885334	0.005075983314773336	0.00437863355179749	0.004538091731294253	0.004292253936007082	0.00405180214427204	0.00457509663579468	0.0026603073531477196	0.00905033890425432	0.007800515969640209	0.009052780331673128	0.009373148590286135	0.009894549718906746	0.010690112311497215	0.010737650754534178	0.010692485567038055	0.0029980237015517818	0.0025965272151505575
S1166b	113099	0.0038069714352178675	0.010025828259858609	0.003639038985272964	0.008684651924745535	0.005394795033365502	0.004852958961810289	0.0021760139161131407	0.0031522895813332007	0.0023062057691532393	0.0017870832824106566	0.0	0.001626496297869062	0.003196378758540133	0.00305156961046608	0.0033394137240816725	0.0026347902156432213	0.0030944399062084018	0.004911758162290901	0.007726922306925289	0.0050740316474226785	0.004297139788130904	0.004481225547561784	0.004248243349408892	0.004048908142681103	0.0045056100498970745	0.0027148920736513454	0.008268332704232304	0.007391343667239673	0.008330234899094303	0.008598221248398928	0.009086681325483658	0.009885233677442123	0.00991352704891314	0.009929185528089803	0.003647237509706806	0.001876480788271827
S797	112991	0.0035208943513846008	0.01049099864333889	0.0032260383773727312	0.00894237547624569	0.004953729292975824	0.004392538430174011	0.0009422497821370636	0.0026211136085556295	0.0009238413032294185	0.0010286558688736619	0.001626496297869062	0.0	0.0027572214558643014	0.0023953274618603664	0.0027070610493372073	0.002362918213465848	0.0028151119873257055	0.004504993168332849	0.007298594065424804	0.004624700021082501	0.00387190827948937	0.004039973634793867	0.0038134569791817715	0.0035708405056517566	0.004074096200580789	0.0022689121684673435	0.008616580925905289	0.007504403064324308	0.008619022353324094	0.0089393906119371	0.009460791740557712	0.010256354333148185	0.010303892776185146	0.010258727588689025	0.0031435816660124296	0.0020751374743796847
S3204	113062	0.005355305778266627	0.012160711811904857	0.005678168306439438	0.01077440405144094	0.006793848112069327	0.00610124895934176	0.0026484121126138455	0.004457592712135449	0.0032214269976389267	0.002487800775240288	0.003196378758540133	0.0027572214558643014	0.0	0.0043056659015593135	0.004638174573953188	0.0047549548364464855	0.00489787180800948	0.006364956778158705	0.009135383679641043	0.006412543161009435	0.005718329828080536	0.005869433958464133	0.005617131098583115	0.005385906289232594	0.005928966653515765	0.004387113017371076	0.010448609501100539	0.00933642861321169	0.010451050928519345	0.010771419187132352	0.011292820315752959	0.012088382908343432	0.012135921351380394	0.012090756163884272	0.0017353811117366638	0.003400509237374804
SN150	113131	0.0030568850182483643	0.008288477529491616	0.0020989482613734973	0.006690263464263735	0.0026482440666822983	0.0020970441328476935	0.003182401720827757	0.001142587766644965	0.0029067607281837993	0.0029838450500252133	0.00305156961046608	0.0023953274618603664	0.0043056659015593135	0.0	0.00043339665005740575	0.0018959383711194956	0.0021343200547262017	0.002192203305817514	0.005002794222855829	0.0023340518061006972	0.001556282424694019	0.0017274546978595447	0.0015037315966647843	0.00126965400225218	0.001758030678756805	0.002722474299803424	0.006364468913923335	0.005252288026034489	0.006366910341342142	0.00668727859995515	0.00720867972857576	0.008004242321166232	0.008051780764203195	0.008006615576707073	0.004228490296310042	0.002099671694887724
S1133	113008	0.003325988711108122	0.007858952106667772	0.0017619530505107333	0.006280493173385651	0.0022847999162912205	0.0017258438045458463	0.003468920689129557	0.0011132279410669597	0.0031660180769006916	0.003256437973551536	0.0033394137240816725	0.0027070610493372073	0.004638174573953188	0.00043339665005740575	0.0	0.0017608245547460052	0.002358423774345656	0.001875208585147834	0.004619506375086509	0.0019493629004804327	0.0011807870024243292	0.0013732082196129774	0.0011771666684751818	0.0009040707298284079	0.0014034005382517396	0.0029372332232798473	0.005954698623045252	0.0048425192574469275	0.005957140050464058	0.006277508309077065	0.0067989094376976755	0.0075944720302881475	0.00764201047332511	0.007596845285828988	0.004554388106801926	0.002308410150513745
S1104	113004	0.0035234626849379503	0.008458501202106972	0.0014041246744795838	0.007072193441643052	0.003052733034252222	0.0025815663816052842	0.003213083176885822	0.001530148331325748	0.0028475044892816532	0.0029837177961158155	0.0026347902156432213	0.002362918213465848	0.0047549548364464855	0.0018959383711194956	0.0017608245547460052	0.0	0.0022448277573816782	0.0025526698024800364	0.0053620604892313855	0.0027890398021733916	0.0019304087386369335	0.0021624677803091805	0.0019586240519821846	0.001777914642690388	0.0021441495244053214	0.0027978824478256357	0.006746398891302651	0.005634272387611507	0.006748845878506955	0.007069208577334465	0.007590609705955075	0.008386172298545547	0.00843371074158251	0.008388545554086387	0.004814290199446994	0.002654297170756554
S2136	113193	0.004049482461390942	0.009333518506279372	0.0018540725678974905	0.0078054445626275296	0.0038547255015245183	0.003262095419485941	0.0032914557628220533	0.002429622414234788	0.0025538525396627517	0.003000050062594799	0.0030944399062084018	0.0028151119873257055	0.00489787180800948	0.0021343200547262017	0.002358423774345656	0.0022448277573816782	0.0	0.0037237540903751875	0.005785981932756123	0.0035019152033368053	0.0030021789509006107	0.003092783030586786	0.0029531933641010447	0.002684227867842431	0.0033402445246555074	0.0019900341956653163	0.0074604975278812	0.0061878143058029	0.007491439895127563	0.007808173675505256	0.008287502038339169	0.009070992661214531	0.009152939243618863	0.009073296899777135	0.004569535562154028	0.00311742137871936
S179	112957	0.005030694287582225	0.00637581180237154	0.0022960007935744183	0.004621348435187727	0.0006269548229144195	0.0008762600444887181	0.0052752494499266125	0.002233506141028879	0.004856450900766161	0.005006545260259853	0.004911758162290901	0.004504993168332849	0.006364956778158705	0.002192203305817514	0.001875208585147834	0.0025526698024800364	0.0037237540903751875	0.0	0.002845153266609495	0.0008215593573515343	0.0007923926384148908	0.000692684780875781	0.0008727220603821447	0.001138735334972899	0.0007250077546243695	0.004506114353384232	0.004295553884847327	0.0031833729969584796	0.004297995312266133	0.00461836357087914	0.00513976469949975	0.005935327292090222	0.005982865735127185	0.005937700547631062	0.0062363540830589325	0.0037927953739269635
S2284	113040	0.007822493632536029	0.004079069605841492	0.004761052130164132	0.0022038645280129713	0.002539699176465495	0.0032615370916333065	0.007851111186919555	0.004965596257958952	0.00733393262960651	0.007661949724885334	0.007726922306925289	0.007298594065424804	0.009135383679641043	0.005002794222855829	0.004619506375086509	0.0053620604892313855	0.005785981932756123	0.002845153266609495	0.0	0.00272587060345728	0.0034468148383956063	0.003289410742539461	0.0035441602678280286	0.003764356917777085	0.003425376060715484	0.0071473740053457835	0.0018930095762660435	0.0014811378099809382	0.0018804856554369626	0.0022008224703483716	0.0027222137455267317	0.0035177763381172046	0.0035653147811541674	0.003520170300535568	0.008713811308123477	0.006577541582296061
SN145	113129	0.005099053016512021	0.006392536093958086	0.0020475173382825313	0.004523495364968076	0.0008711401518893908	0.0005633976382204937	0.005341741174587208	0.0022688775970873777	0.004837270177838666	0.005075983314773336	0.0050740316474226785	0.004624700021082501	0.006412543161009435	0.0023340518061006972	0.0019493629004804327	0.0027890398021733916	0.0035019152033368053	0.0008215593573515343	0.00272587060345728	0.0	0.001004902979220215	0.0008293254666221151	0.0009858905134814738	0.0010647681105666912	0.001101008014679411	0.004441538529779814	0.004197700814627676	0.0030855298565961604	0.004200142242046482	0.00452051050065949	0.0050419116292801	0.005837474221870572	0.005885012664907535	0.005839847477411411	0.0062028661600901204	0.003953348401048394
SN152	113132	0.0044147164055920365	0.006969280471030783	0.0015324456050915798	0.005202012973201108	0.0011473343153707584	0.0008920002277651506	0.004647303665429428	0.0015549820016403306	0.004183625574798726	0.00437863355179749	0.004297139788130904	0.00387190827948937	0.005718329828080536	0.001556282424694019	0.0011807870024243292	0.0019304087386369335	0.0030021789509006107	0.0007923926384148908	0.0034468148383956063	0.001004902979220215	0.0	0.00026299862215635336	0.00022927766019499324	0.0004672647023243883	0.00034315942186530457	0.003818480609946964	0.004876218422860708	0.003764037534971861	0.004878659850279516	0.005199028108892522	0.0057204292375131315	0.006515991830103605	0.006563530273140568	0.0065183650856444455	0.005557828483018113	0.0031580590918477767
SN40	113165	0.004533610446213404	0.00684580024666871	0.001630411236681046	0.0050762588778667204	0.000982401196854558	0.0007527341740327318	0.004806765836497231	0.0016970553974208363	0.004332829183537402	0.004538091731294253	0.004481225547561784	0.004039973634793867	0.005869433958464133	0.0017274546978595447	0.0013732082196129774	0.0021624677803091805	0.003092783030586786	0.000692684780875781	0.003289410742539461	0.0008293254666221151	0.00026299862215635336	0.0	0.00032975728127876674	0.0005072773121172705	0.00035232139320948565	0.003944069190624922	0.0047504643275263206	0.003638290624178313	0.004752905754945127	0.005073274013558135	0.005594675142178744	0.006390237734769217	0.00643777617780618	0.006392610990310057	0.005685773528550832	0.0033449239296587533
SN45	113167	0.00429063154334564	0.00712211081171774	0.0014739574366348137	0.005334901809435661	0.0012712975897078108	0.0008721361966478625	0.0045609441519457025	0.0014940992674994838	0.004129873893030635	0.004292253936007082	0.004248243349408892	0.0038134569791817715	0.005617131098583115	0.0015037315966647843	0.0011771666684751818	0.0019586240519821846	0.0029531933641010447	0.0008727220603821447	0.0035441602678280286	0.0009858905134814738	0.00022927766019499324	0.00032975728127876674	0.0	0.00040784180646387933	0.00040215352111245715	0.0037125326515497	0.0050358290270306446	0.0038969263712064135	0.005011548686514069	0.0053319169451270755	0.005853318073747685	0.0066488806663381585	0.006696419109375121	0.006651253921878999	0.005485654146731741	0.0031309922612276957
SN110	113115	0.004058723179103139	0.007306605826206432	0.0011919160247508811	0.005524672525685413	0.0014394224976182733	0.0008814691061624783	0.004320514400973237	0.0012920442742696127	0.003864253350535125	0.00405180214427204	0.004048908142681103	0.0035708405056517566	0.005385906289232594	0.00126965400225218	0.0009040707298284079	0.001777914642690388	0.002684227867842431	0.001138735334972899	0.003764356917777085	0.0010647681105666912	0.0004672647023243883	0.0005072773121172705	0.00040784180646387933	0.0	0.0006707056029443393	0.00347699027147856	0.005198877975345011	0.004086702270796284	0.005201319402763819	0.005521687661376826	0.006043088789997436	0.006838651382587907	0.00688618982562487	0.006841024638128748	0.005228536561637504	0.002951562918266991
SN96	113203	0.004598214757074766	0.006759491696698753	0.0017949257782463703	0.004964894186640517	0.0011181731404583208	0.0009725464798684345	0.004831003168393983	0.0018244913030146075	0.004393490600002447	0.00457509663579468	0.0045056100498970745	0.004074096200580789	0.005928966653515765	0.001758030678756805	0.0014034005382517396	0.0021441495244053214	0.0033402445246555074	0.0007250077546243695	0.003425376060715484	0.001101008014679411	0.00034315942186530457	0.00035232139320948565	0.00040215352111245715	0.0006707056029443393	0.0	0.0038364005679275485	0.004665875861809906	0.00352691874841127	0.004641541063718924	0.004961909322331931	0.005483310450952541	0.006278873043543013	0.006326411486579976	0.006281246299083853	0.005796024215120584	0.0031856363577765223
S1226	113012	0.003925494153530818	0.009444566721516527	0.0027133322758837145	0.008135228823174695	0.004836871091313919	0.004100491622317306	0.002905463809986481	0.0028087830441772513	0.0023692255251076227	0.0026603073531477196	0.0027148920736513454	0.0022689121684673435	0.004387113017371076	0.002722474299803424	0.0029372332232798473	0.0027978824478256357	0.0019900341956653163	0.004506114353384232	0.0071473740053457835	0.004441538529779814	0.003818480609946964	0.003944069190624922	0.0037125326515497	0.00347699027147856	0.0038364005679275485	0.0	0.00794262888575667	0.00675794278822569	0.007820812648906031	0.008163300550869015	0.008664060677700428	0.00939611209468024	0.00947926806757746	0.009374611073495943	0.0038750979666166314	0.0021337181947375713
S2018	113036	0.009191585109214431	0.0024159067305122048	0.006193961394394367	0.00043562033307706897	0.003959856897334774	0.004703614166512061	0.009371808727484549	0.006411196365413381	0.008861302089602877	0.00905033890425432	0.008268332704232304	0.008616580925905289	0.010448609501100539	0.006364468913923335	0.005954698623045252	0.006746398891302651	0.0074604975278812	0.004295553884847327	0.0018930095762660435	0.004197700814627676	0.004876218422860708	0.0047504643275263206	0.0050358290270306446	0.005198877975345011	0.004665875861809906	0.00794262888575667	0.0	0.0015423274492368437	0.0001597348626113787	0.0003495830274378181	0.0008506129884676625	0.0016397758082032803	0.001692443153039931	0.0016608660578271393	0.009874208738121393	0.007357762106274838
S3470	113074	0.00807955763766488	0.0037648088330535993	0.005081579697439369	0.0017770936420816637	0.00283866660805325	0.003567581913272036	0.008043942435571274	0.005299015477524536	0.0075206649513986845	0.007800515969640209	0.007391343667239673	0.007504403064324308	0.00933642861321169	0.005252288026034489	0.0048425192574469275	0.005634272387611507	0.0061878143058029	0.0031833729969584796	0.0014811378099809382	0.0030855298565961604	0.003764037534971861	0.003638290624178313	0.0038969263712064135	0.004086702270796284	0.00352691874841127	0.00675794278822569	0.0015423274492368437	0.0	0.0014536912395697844	0.0017740318455702544	0.002320415348744372	0.003090975801101935	0.003138467385441572	0.0030933758846683895	0.008549271837394744	0.0062455780247923955
SN11	113114	0.009194011737076598	0.0024047205258026392	0.006196195666980065	0.00036335559464925247	0.003953269349198759	0.00468218307096325	0.009374250154903356	0.0064136377928321895	0.008863743517021686	0.009052780331673128	0.008330234899094303	0.008619022353324094	0.010451050928519345	0.006366910341342142	0.005957140050464058	0.006748845878506955	0.007491439895127563	0.004297995312266133	0.0018804856554369626	0.004200142242046482	0.004878659850279516	0.004752905754945127	0.005011548686514069	0.005201319402763819	0.004641541063718924	0.007820812648906031	0.0001597348626113787	0.0014536912395697844	0.0	0.00034249628413866206	0.0008739673139769887	0.0016373335923150093	0.0016848704228610524	0.0016397052353649298	0.009876650165540199	0.00736019953969985
SN190	113145	0.009514356387888107	0.0021190337795024996	0.006516563925593071	0.00024460583993395936	0.0042736376078117665	0.005002551329576259	0.00969461841351636	0.006734006051445196	0.009184111775634692	0.009373148590286135	0.008598221248398928	0.0089393906119371	0.010771419187132352	0.00668727859995515	0.006277508309077065	0.007069208577334465	0.007808173675505256	0.00461836357087914	0.0022008224703483716	0.00452051050065949	0.005199028108892522	0.005073274013558135	0.0053319169451270755	0.005521687661376826	0.004961909322331931	0.008163300550869015	0.0003495830274378181	0.0017740318455702544	0.00034249628413866206	0.0	0.000587641082789591	0.0013169637212110824	0.0013645021642480451	0.0013361676420072324	0.010197028441972164	0.007680551996435532
SN126	113121	0.010035697282389254	0.001594616713089264	0.007037965054213681	0.0007725136509433277	0.004795038736432376	0.005523952458196869	0.010216019542136969	0.007255407180065807	0.009705512904255302	0.009894549718906746	0.009086681325483658	0.009460791740557712	0.011292820315752959	0.00720867972857576	0.0067989094376976755	0.007590609705955075	0.008287502038339169	0.00513976469949975	0.0027222137455267317	0.0050419116292801	0.0057204292375131315	0.005594675142178744	0.005853318073747685	0.006043088789997436	0.005483310450952541	0.008664060677700428	0.0008506129884676625	0.002320415348744372	0.0008739673139769887	0.000587641082789591	0.0	0.0007985675123024297	0.0008654481035073648	0.0008779360474523816	0.010718419552773816	0.008201959322131067
SN127	113122	0.01083118484698954	0.000934042842336935	0.007833527646804153	0.0015247691956550955	0.005590601329022849	0.00631951505078734	0.011011582134727442	0.008050969772656279	0.010501075496845775	0.010690112311497215	0.009885233677442123	0.010256354333148185	0.012088382908343432	0.008004242321166232	0.0075944720302881475	0.008386172298545547	0.009070992661214531	0.005935327292090222	0.0035177763381172046	0.005837474221870572	0.006515991830103605	0.006390237734769217	0.0066488806663381585	0.006838651382587907	0.006278873043543013	0.00939611209468024	0.0016397758082032803	0.003090975801101935	0.0016373335923150093	0.0013169637212110824	0.0007985675123024297	0.0	0.00015577250937265876	0.00013025848073385004	0.011513983381283453	0.00899745548150493
SN141	113128	0.010878728110038123	0.0008139926878201453	0.007881066089841116	0.001572305413987888	0.005638139772059812	0.006367053493824303	0.011059120577764404	0.008098508215693242	0.010548613939882738	0.010737650754534178	0.00991352704891314	0.010303892776185146	0.012135921351380394	0.008051780764203195	0.00764201047332511	0.00843371074158251	0.009152939243618863	0.005982865735127185	0.0035653147811541674	0.005885012664907535	0.006563530273140568	0.00643777617780618	0.006696419109375121	0.00688618982562487	0.006326411486579976	0.00947926806757746	0.001692443153039931	0.003138467385441572	0.0016848704228610524	0.0013645021642480451	0.0008654481035073648	0.00015577250937265876	0.0	0.00028592360890437364	0.01156152058840125	0.009044993924541894
SN84	113202	0.010833554310916704	0.0010333322535550642	0.007835900902344994	0.0015271402264917654	0.00559297458456369	0.00632188830632818	0.011013955390268282	0.00805334302819712	0.010503448752386615	0.010692485567038055	0.009929185528089803	0.010258727588689025	0.012090756163884272	0.008006615576707073	0.007596845285828988	0.008388545554086387	0.009073296899777135	0.005937700547631062	0.003520170300535568	0.005839847477411411	0.0065183650856444455	0.006392610990310057	0.006651253921878999	0.006841024638128748	0.006281246299083853	0.009374611073495943	0.0016608660578271393	0.0030933758846683895	0.0016397052353649298	0.0013361676420072324	0.0008779360474523816	0.00013025848073385004	0.00028592360890437364	0.0	0.011516355400905127	0.008999828737045771
S153	112956	0.005768220037254894	0.011586311048925713	0.005496826800676478	0.010200003288461792	0.006608569833633543	0.0058948385783386065	0.0029385030338497857	0.004227449166216926	0.0027784302516503856	0.0029980237015517818	0.003647237509706806	0.0031435816660124296	0.0017353811117366638	0.004228490296310042	0.004554388106801926	0.004814290199446994	0.004569535562154028	0.0062363540830589325	0.008713811308123477	0.0062028661600901204	0.005557828483018113	0.005685773528550832	0.005485654146731741	0.005228536561637504	0.005796024215120584	0.0038750979666166314	0.009874208738121393	0.008549271837394744	0.009876650165540199	0.010197028441972164	0.010718419552773816	0.011513983381283453	0.01156152058840125	0.011516355400905127	0.0	0.0028671516958819554
SN38	113163	0.003412041704916456	0.009069784385066355	0.0034699351486081266	0.007683545265787144	0.00423984924237388	0.0037521680473020327	0.002596628849126594	0.0020699382365039014	0.002577108670758742	0.0025965272151505575	0.001876480788271827	0.0020751374743796847	0.003400509237374804	0.002099671694887724	0.002308410150513745	0.002654297170756554	0.00311742137871936	0.0037927953739269635	0.006577541582296061	0.003953348401048394	0.0031580590918477767	0.0033449239296587533	0.0031309922612276957	0.002951562918266991	0.0031856363577765223	0.0021337181947375713	0.007357762106274838	0.0062455780247923955	0.00736019953969985	0.007680551996435532	0.008201959322131067	0.00899745548150493	0.009044993924541894	0.008999828737045771	0.0028671516958819554	0.0
