S31	112953	0	0.5020754980323613	0.4091952857310212	0.44407950513710676	0.4241402307783027	0.3742364698025661	0.39290717019523663	0.35673209303156167	0.4133715119645999	0.4362060358702577	0.3838980124817972	0.4364062386907965	0.43620603587025764	0.44648762023497574	0.43620603587025764	0.4091462979504033	0.43620603587025764	0.43620603587025764	0.43620603587025747	0.37978442359177633	0.3656636314092241	0.4104151804498412	0.38869105878511223	0.43620603587025764	0.41575079670496656	0.4366101109582285	0.4091462979504033	0.3886910587851123	0.4091462979504033	0.35833372849261635	0.39361216255153286	0.4172314413696926	0.42052730797923044	0.4157507967049665	0.43620603587025764	0.4091462979504033
S153	112956	0.5020754980323613	0	0.3359780975784733	0.19402098527440378	0.19669589191973277	0.21609482311417796	0.3248584978961906	0.2265489955789291	0.22249476463493562	0.4424437695912076	0.33162456839309296	0.1685528434189416	0.37586742667617207	0.27626910197743426	0.44143076778713086	0.28910020071352616	0.48346369491069435	0.5173542726119856	0.5167455574765986	0.280770575751194	0.2163179470629175	0.30531922780516346	0.31218442801439533	0.45963447749577846	0.45230634785592194	0.24923772926536217	0.3070982768215053	0.33077141483977335	0.30748795997061207	0.274444250970027	0.2551791093440413	0.17263859805229576	0.24778153104500075	0.5167455574765987	0.5167455574765986	0.3235906806948334
S179	112957	0.4091952857310212	0.3359780975784733	0	0.2823279212115469	0.30840412622026203	0.23183180523373406	0.10969888299176446	0.1521702427263728	0.2836304343489236	0.16683754838366743	0.11802918217778083	0.32137481960072134	0.127206234632276	0.2686463149442558	0.1658245465795905	0.06426936925337015	0.2078574737031541	0.24113933626905837	0.2411393362690583	0.09075896731227374	0.16790323846619667	0.03625608747939175	0.09638199361286749	0.17910138278033072	0.17670012664838172	0.2983110230734934	0.04210422153142306	0.07922826321376315	0.03821525558694987	0.11458297569483546	0.11890129693365961	0.2655212437630636	0.2827941891807418	0.27187784680279703	0.2411393362690583	0.06001671285168773
S231	112961	0.44407950513710676	0.19402098527440378	0.2823279212115469	0	0.11528471668447132	0.10659890266223397	0.2678066866640876	0.15067025318199437	0.2478969019173936	0.4292391469228216	0.3027532009573681	0.12611041606239334	0.3735163929539311	0.22684593966962657	0.42822614511874474	0.23605088944415611	0.47025907224230823	0.5035409348082125	0.5035409348082125	0.2392147922442089	0.14306497715788138	0.2584026406849525	0.24092502005429423	0.44150298131948484	0.4391017251875359	0.3084010908079814	0.26500061182828893	0.28007980974057284	0.2582769707977026	0.2297402135323055	0.20245115998926067	0.12715645165944514	0.2245764914379743	0.528334615265967	0.5035409348082125	0.26190655709273936
S619	112983	0.4241402307783027	0.19669589191973277	0.30840412622026203	0.11528471668447132	0	0.10460004207885545	0.29430008633990384	0.17106915936151418	0.2729473776810651	0.4483762510440234	0.3083140097461653	0.15245406223773245	0.3782719638011863	0.23669616242929836	0.4473632492399465	0.267566455968928	0.4893961763635101	0.5226780389294143	0.5226780389294143	0.25395206123739406	0.17262009023227165	0.28235661348047497	0.25524781664104024	0.46064008544068674	0.4417634676786239	0.33417864531387104	0.29003834804606266	0.2831887077435548	0.2847092316194935	0.228074466708298	0.22401281404219808	0.07782877118893568	0.24601240367031268	0.5262030077486821	0.5226780389294143	0.2874517204614052
S797	112991	0.3742364698025661	0.21609482311417796	0.23183180523373406	0.10659890266223397	0.10460004207885545	0	0.20894529560083178	0.08916978429757524	0.19525905390151127	0.36760515600995225	0.2562596795227045	0.12888568159920188	0.3287697517207549	0.17176712892192292	0.3665921542058754	0.17795143385510845	0.4086250813294389	0.4419069438953432	0.4419069438953432	0.1706067148805971	0.08386276021537838	0.20164349134458748	0.18851351234790129	0.3798689904066156	0.3774677342746666	0.2557043497546379	0.20476555217455697	0.21562716888300557	0.20566349369714054	0.16007557902188788	0.15139953764262376	0.09138330449349338	0.2048278921836581	0.46469583062726816	0.4419069438953432	0.20379168826059915
S1104	113004	0.39290717019523663	0.3248584978961906	0.10969888299176446	0.2678066866640876	0.29430008633990384	0.20894529560083178	0	0.17420103253567146	0.3004808423987401	0.22610997982456155	0.17039760309173102	0.2961393528111562	0.20015646374357493	0.21277442129420845	0.22657337779263126	0.09861037878660446	0.26712990514404816	0.30041176770995254	0.3004117677099524	0.11563565956853739	0.20152279906793638	0.08004380969921003	0.10691924008941901	0.23837381422122483	0.2359725580892759	0.3089728496611773	0.08469362320097705	0.11734000225822713	0.0928133745062271	0.13889953249110626	0.14598717549706036	0.25585005391510907	0.2672166956967932	0.30041176770995254	0.3004117677099525	0.11619825251522016
S1133	113008	0.35673209303156167	0.2265489955789291	0.1521702427263728	0.15067025318199437	0.17106915936151418	0.08916978429757524	0.17420103253567146	0	0.21432840374225948	0.3008243332938571	0.18751411886728525	0.1744882871621694	0.26167998914834023	0.18986656060002455	0.29981133148978023	0.10009763664797969	0.3418442586133438	0.37512612117924804	0.37512612117924804	0.10168954829610467	0.03275957950151483	0.12250585962790164	0.12978195449927613	0.3130881676905204	0.3106869115585715	0.22606433013698274	0.12896335423639524	0.14557125580013902	0.12674181287456954	0.09462506278605187	0.09568806007290473	0.1424366743938113	0.1999472143362387	0.3992364302245975	0.375126121179248	0.12602533090505164
S1226	113012	0.4133715119645999	0.22249476463493562	0.2836304343489236	0.2478969019173936	0.2729473776810651	0.19525905390151127	0.3004808423987401	0.21432840374225948	0	0.34466057687229285	0.28259455064044164	0.2389290722166832	0.3000966149890907	0.26062560196062107	0.33528929701057325	0.2651399028569352	0.37738542226508603	0.4063419678961653	0.40879199662562393	0.2514778371749489	0.21789777821193515	0.2872695468180888	0.2585596217909469	0.3510071545457238	0.3455494921800743	0.20577681145419643	0.29026865905303223	0.27648014170334706	0.2809934130855013	0.24375493658344508	0.24923773114450715	0.21946675207650146	0.20008919159743202	0.40476033197700345	0.40476033197700334	0.2689105579051723
S2018	113036	0.4362060358702577	0.4424437695912076	0.16683754838366743	0.4292391469228216	0.4483762510440234	0.36760515600995225	0.22610997982456155	0.3008243332938571	0.34466057687229285	0	0.17298509884348887	0.4719806037894068	0.09669849954661353	0.3394588867402189	0.016385349336749313	0.20934932287989924	0.04183242126039181	0.07555256055486044	0.07499869274046289	0.20696650994409183	0.32412434666264456	0.18941413701922877	0.23568678464831633	0.02159750945508569	0.040509158270759044	0.3602129020903779	0.1831819259351813	0.1866241802066853	0.1961971633095266	0.2433852440565242	0.27266858246604175	0.398846235767771	0.4116601678603007	0.12158756982367108	0.07688616511940359	0.18387839883141066
S2284	113040	0.3838980124817972	0.33162456839309296	0.11802918217778083	0.3027532009573681	0.3083140097461653	0.2562596795227045	0.17039760309173102	0.18751411886728525	0.28259455064044164	0.17298509884348887	0	0.3609361978944114	0.12065570864524429	0.296855476855947	0.1709662072953586	0.13973468735742894	0.21299913441892213	0.24628099698482642	0.24628099698482633	0.09140226187735337	0.208649028737733	0.12970148050636796	0.16789312427287195	0.18424304349609877	0.18184178736414977	0.317446631007275	0.11721499231511662	0.12717046038711552	0.12646727168458624	0.12439794088598226	0.20236781832322684	0.25806348657444467	0.25208015581297666	0.2829526783330384	0.24628099698482633	0.15807809882340695
S3204	113062	0.4364062386907965	0.1685528434189416	0.32137481960072134	0.12611041606239334	0.15245406223773245	0.12888568159920188	0.2961393528111562	0.1744882871621694	0.2389290722166832	0.4719806037894068	0.3609361978944114	0	0.43234929003801553	0.2055806942705317	0.47096760198533	0.2704570468112289	0.5130005291088935	0.5462823916747976	0.5462823916747976	0.2752832332523042	0.16104468047755144	0.2912505512126248	0.29707120608330734	0.48424443818607005	0.4818431820541212	0.2579837972821954	0.29828251062100625	0.3161853209753631	0.2903617623895899	0.26411345602221026	0.23265310516250315	0.1696644187324857	0.22954582945449914	0.5462823916747978	0.5462823916747978	0.2990178554612717
S3470	113074	0.43620603587025764	0.37586742667617207	0.127206234632276	0.3735163929539311	0.3782719638011863	0.3287697517207549	0.20015646374357493	0.26167998914834023	0.3000966149890907	0.09669849954661353	0.12065570864524429	0.43234929003801553	0	0.3271130594401977	0.08646207498151377	0.17108691875364213	0.13195606584926403	0.1617768646709816	0.16177686467098154	0.16988448187256341	0.28449303291125316	0.14978282326783732	0.19764634502914707	0.10156345255680645	0.09733765505030499	0.31893938151305573	0.14538023146373474	0.15135025476295494	0.15478032713951367	0.20754262460535677	0.23303726871465028	0.32691748337198445	0.33926271888467063	0.20283782876113202	0.16177686467098157	0.14248413635915227
S1166b	113099	0.44648762023497574	0.27626910197743426	0.2686463149442558	0.22684593966962657	0.23669616242929836	0.17176712892192292	0.21277442129420845	0.18986656060002455	0.26062560196062107	0.3394588867402189	0.296855476855947	0.2055806942705317	0.3271130594401977	0	0.34270065100455865	0.23357618017594214	0.3798979666529865	0.4131798292188907	0.4131798292188907	0.22367555834044037	0.18686980731001296	0.24742354489005616	0.25128044834460966	0.3518709439244852	0.3487406195982141	0.27775078561350186	0.252960272326252	0.2630304370666967	0.2518472713971574	0.22586440750470294	0.24895981349963317	0.23922154104070165	0.25929777967546636	0.41900839194365197	0.4131798292188907	0.24954031674062727
SN11	113114	0.43620603587025764	0.44143076778713086	0.1658245465795905	0.42822614511874474	0.4473632492399465	0.3665921542058754	0.22657337779263126	0.29981133148978023	0.33528929701057325	0.016385349336749313	0.1709662072953586	0.47096760198533	0.08646207498151377	0.34270065100455865	0	0.20833632107582234	0.04632684101589761	0.0761365761470996	0.07531478968946778	0.20595350814001495	0.3231113448585677	0.1884011352151518	0.23466910558869467	0.01985993181192576	0.03170399601191497	0.35715735925418335	0.18216892413110441	0.18500091023164383	0.19339863908682822	0.2408110043882059	0.2716555806619649	0.39783323396369413	0.4106471660562238	0.12356484171572153	0.07531478968946777	0.18110244830646677
SN110	113115	0.4091462979504033	0.28910020071352616	0.06426936925337015	0.23605088944415611	0.267566455968928	0.17795143385510845	0.09861037878660446	0.10009763664797969	0.2651399028569352	0.20934932287989924	0.13973468735742894	0.2704570468112289	0.17108691875364213	0.23357618017594214	0.20833632107582234	0	0.25036924819938583	0.28365111076529015	0.28365111076529004	0.07218865136867646	0.11816987765455031	0.033929664148377905	0.06819005376294915	0.22161315727656247	0.21921190114461347	0.26465885750495804	0.032130627525013215	0.05109314481591977	0.03399998422716758	0.08597045879342727	0.06731457752485946	0.21363508902910072	0.259502550141523	0.3155643777328758	0.28365111076529004	0.0411388199683529
SN126	113121	0.43620603587025764	0.48346369491069435	0.2078574737031541	0.47025907224230823	0.4893961763635101	0.4086250813294389	0.26712990514404816	0.3418442586133438	0.37738542226508603	0.04183242126039181	0.21299913441892213	0.5130005291088935	0.13195606584926403	0.3798979666529865	0.04632684101589761	0.25036924819938583	0	0.04035305626498335	0.03873862466373242	0.2479864352635785	0.36514427198213123	0.23043406233871533	0.27670203271225824	0.037975231915925785	0.06418392133974313	0.3944434479133385	0.22420185125466804	0.22703383735520732	0.23543156621039174	0.2828439315117695	0.3136885077855284	0.4398661610872577	0.4526800931797873	0.09353952962142699	0.039508228404211865	0.2231353754300303
SN127	113122	0.43620603587025764	0.5173542726119856	0.24113933626905837	0.5035409348082125	0.5226780389294143	0.4419069438953432	0.30041176770995254	0.37512612117924804	0.4063419678961653	0.07555256055486044	0.24628099698482642	0.5462823916747976	0.1617768646709816	0.4131798292188907	0.0761365761470996	0.28365111076529015	0.04035305626498335	0	0.022782186442309213	0.2812682978294827	0.3984261345480356	0.2637159249046196	0.3099838952781625	0.062037953488727655	0.09334846345586276	0.39444344791333835	0.2574837138205722	0.2603156999211117	0.26871342877629606	0.3161257940776737	0.34697037035143274	0.4731480236531619	0.4859619557456916	0.07985910734691112	0.01835476865304461	0.2564172379959346
SN141	113128	0.43620603587025747	0.5167455574765986	0.2411393362690583	0.5035409348082125	0.5226780389294143	0.4419069438953432	0.3004117677099524	0.37512612117924804	0.40879199662562393	0.07499869274046289	0.24628099698482633	0.5462823916747976	0.16177686467098154	0.4131798292188907	0.07531478968946778	0.28365111076529004	0.03873862466373242	0.022782186442309213	0	0.2812682978294827	0.39842613454803555	0.26371592490461965	0.30998389527816245	0.06203795348872762	0.09219650936906881	0.39444344791333835	0.2574837138205721	0.26031569992111164	0.26871342877629595	0.31612579407767366	0.34697037035143263	0.47314802365316183	0.4859619557456916	0.07754299556975884	0.030572128823868172	0.2564172379959346
SN145	113129	0.37978442359177633	0.280770575751194	0.09075896731227374	0.2392147922442089	0.25395206123739406	0.1706067148805971	0.11563565956853739	0.10168954829610467	0.2514778371749489	0.20696650994409183	0.09140226187735337	0.2752832332523042	0.16988448187256341	0.22367555834044037	0.20595350814001495	0.07218865136867646	0.2479864352635785	0.2812682978294827	0.2812682978294827	0	0.12299606409562566	0.06654039011631578	0.09531838084537218	0.21923034434075508	0.21682908820880611	0.2506134577798789	0.06486362244629948	0.09489599082167115	0.0623618813400049	0.04601101056495562	0.12294611094494787	0.20453635464765907	0.2281627583549841	0.3180521111176317	0.2812682978294827	0.09417894648080431
SN150	113131	0.3656636314092241	0.2163179470629175	0.16790323846619667	0.14306497715788138	0.17262009023227165	0.08386276021537838	0.20152279906793638	0.03275957950151483	0.21789777821193515	0.32412434666264456	0.208649028737733	0.16104468047755144	0.28449303291125316	0.18686980731001296	0.3231113448585677	0.11816987765455031	0.36514427198213123	0.3984261345480356	0.39842613454803555	0.12299606409562566	0	0.14107276238434896	0.1490984851329324	0.3363881810593079	0.33398692492735893	0.23630513332500414	0.14599534146432766	0.16389815181868472	0.1385782088684125	0.11182628686553181	0.11445869502416106	0.13893732604794146	0.19260107713052924	0.4258409660043706	0.39842613454803544	0.14403494628354005
SN152	113132	0.4104151804498412	0.30531922780516346	0.03625608747939175	0.2584026406849525	0.28235661348047497	0.20164349134458748	0.08004380969921003	0.12250585962790164	0.2872695468180888	0.18941413701922877	0.12970148050636796	0.2912505512126248	0.14978282326783732	0.24742354489005616	0.1884011352151518	0.033929664148377905	0.23043406233871533	0.2637159249046196	0.26371592490461965	0.06654039011631578	0.14107276238434896	0	0.06647165290671828	0.201677971415892	0.19927671528394306	0.27731402200657373	0.020808493434296905	0.05904092049755411	0.01983823242767683	0.08809312775796566	0.08758381793541416	0.23207858711144058	0.2560942717030138	0.2944111816836604	0.2637159249046196	0.046109967507022155
SN172	113138	0.38869105878511223	0.31218442801439533	0.09638199361286749	0.24092502005429423	0.25524781664104024	0.18851351234790129	0.10691924008941901	0.12978195449927613	0.2585596217909469	0.23568678464831633	0.16789312427287195	0.29707120608330734	0.19764634502914707	0.25128044834460966	0.23466910558869467	0.06819005376294915	0.27670203271225824	0.3099838952781625	0.30998389527816245	0.09531838084537218	0.1490984851329324	0.06647165290671828	0	0.2479459417894348	0.22371681151593806	0.31950828720045277	0.06883178754532203	0.08605417150385558	0.0651298544186031	0.06632569927102351	0.07826397457646062	0.19651356808182818	0.22398639907276188	0.3214432171364754	0.30998389527816245	0.09842923567914438
SN190	113145	0.43620603587025764	0.45963447749577846	0.17910138278033072	0.44150298131948484	0.46064008544068674	0.3798689904066156	0.23837381422122483	0.3130881676905204	0.3510071545457238	0.02159750945508569	0.18424304349609877	0.48424443818607005	0.10156345255680645	0.3518709439244852	0.01985993181192576	0.22161315727656247	0.037975231915925785	0.062037953488727655	0.06203795348872762	0.21923034434075508	0.3363881810593079	0.201677971415892	0.2479459417894348	0	0.040396304319305236	0.36254587128043125	0.19544576033184455	0.19827774643238402	0.20667547528756833	0.254087840588946	0.28493241686270504	0.4111100701644343	0.423924002256964	0.1165150124496983	0.0643946900233463	0.19437928450720696
SN33	113160	0.41575079670496656	0.45230634785592194	0.17670012664838172	0.4391017251875359	0.4417634676786239	0.3774677342746666	0.2359725580892759	0.3106869115585715	0.3455494921800743	0.040509158270759044	0.18184178736414977	0.4818431820541212	0.09733765505030499	0.3487406195982141	0.03170399601191497	0.21921190114461347	0.06418392133974313	0.09334846345586276	0.09219650936906881	0.21682908820880611	0.33398692492735893	0.19927671528394306	0.22371681151593806	0.040396304319305236	0	0.3643883826813052	0.1930445041998956	0.17193427013207527	0.2042742191556194	0.22501093831941343	0.25770197141368395	0.3891517437228564	0.421522746125015	0.11259588490187077	0.09219650936906881	0.191978028375258
SN38	113163	0.4366101109582285	0.24923772926536217	0.2983110230734934	0.3084010908079814	0.33417864531387104	0.2557043497546379	0.3089728496611773	0.22606433013698274	0.20577681145419643	0.3602129020903779	0.317446631007275	0.2579837972821954	0.31893938151305573	0.27775078561350186	0.35715735925418335	0.26465885750495804	0.3944434479133385	0.39444344791333835	0.39444344791333835	0.2506134577798789	0.23630513332500414	0.27731402200657373	0.31950828720045277	0.36254587128043125	0.3643883826813052	0	0.28345690316486405	0.26903541735165426	0.28106146368084406	0.2806672780762111	0.25786994261816387	0.2905311276967657	0.3131326984027295	0.3944434479133383	0.3944434479133383	0.24889177978911495
SN40	113165	0.4091462979504033	0.3070982768215053	0.04210422153142306	0.26500061182828893	0.29003834804606266	0.20476555217455697	0.08469362320097705	0.12896335423639524	0.29026865905303223	0.1831819259351813	0.11721499231511662	0.29828251062100625	0.14538023146373474	0.252960272326252	0.18216892413110441	0.032130627525013215	0.22420185125466804	0.2574837138205722	0.2574837138205721	0.06486362244629948	0.14599534146432766	0.020808493434296905	0.06883178754532203	0.19544576033184455	0.1930445041998956	0.28345690316486405	0	0.055534645067735894	0.022597888190744687	0.08708557782837141	0.09343565139733706	0.2380664025809963	0.25703200935161397	0.2892556253388845	0.2574837138205721	0.05590567781608531
SN42	113166	0.3886910587851123	0.33077141483977335	0.07922826321376315	0.28007980974057284	0.2831887077435548	0.21562716888300557	0.11734000225822713	0.14557125580013902	0.27648014170334706	0.1866241802066853	0.12717046038711552	0.3161853209753631	0.15135025476295494	0.2630304370666967	0.18500091023164383	0.05109314481591977	0.22703383735520732	0.2603156999211117	0.26031569992111164	0.09489599082167115	0.16389815181868472	0.05904092049755411	0.08605417150385558	0.19827774643238402	0.17193427013207527	0.26903541735165426	0.055534645067735894	0	0.05990756404851549	0.08851807471657425	0.08731271795427556	0.23206237088515164	0.27446207331114797	0.2680076921856655	0.26031569992111153	0.05998790589429249
SN45	113167	0.4091462979504033	0.30748795997061207	0.03821525558694987	0.2582769707977026	0.2847092316194935	0.20566349369714054	0.0928133745062271	0.12674181287456954	0.2809934130855013	0.1961971633095266	0.12646727168458624	0.2903617623895899	0.15478032713951367	0.2518472713971574	0.19339863908682822	0.03399998422716758	0.23543156621039174	0.26871342877629606	0.26871342877629595	0.0623618813400049	0.1385782088684125	0.01983823242767683	0.0651298544186031	0.20667547528756833	0.2042742191556194	0.28106146368084406	0.022597888190744687	0.05990756404851549	0	0.08347785636635456	0.09123109270243046	0.23831412260964324	0.25380389828925826	0.3009514102498753	0.26871342877629595	0.04919265755946474
SN63	113176	0.35833372849261635	0.274444250970027	0.11458297569483546	0.2297402135323055	0.228074466708298	0.16007557902188788	0.13889953249110626	0.09462506278605187	0.24375493658344508	0.2433852440565242	0.12439794088598226	0.26411345602221026	0.20754262460535677	0.22586440750470294	0.2408110043882059	0.08597045879342727	0.2828439315117695	0.3161257940776737	0.31612579407767366	0.04601101056495562	0.11182628686553181	0.08809312775796566	0.06632569927102351	0.254087840588946	0.22501093831941343	0.2806672780762111	0.08708557782837141	0.08851807471657425	0.08347785636635456	0	0.09541773400252157	0.17578254152316983	0.22137677926077173	0.32075341549488634	0.31612579407767366	0.11332697228094356
SN72	113180	0.39361216255153286	0.2551791093440413	0.11890129693365961	0.20245115998926067	0.22401281404219808	0.15139953764262376	0.14598717549706036	0.09568806007290473	0.24923773114450715	0.27266858246604175	0.20236781832322684	0.23265310516250315	0.23303726871465028	0.24895981349963317	0.2716555806619649	0.06731457752485946	0.3136885077855284	0.34697037035143274	0.34697037035143263	0.12294611094494787	0.11445869502416106	0.08758381793541416	0.07826397457646062	0.28493241686270504	0.25770197141368395	0.25786994261816387	0.09343565139733706	0.08731271795427556	0.09123109270243046	0.09541773400252157	0	0.16744027059338237	0.25301950356179465	0.3525506033112555	0.3469703703514327	0.10048450044510247
SN92	113188	0.4172314413696926	0.17263859805229576	0.2655212437630636	0.12715645165944514	0.07782877118893568	0.09138330449349338	0.25585005391510907	0.1424366743938113	0.21946675207650146	0.398846235767771	0.25806348657444467	0.1696644187324857	0.32691748337198445	0.23922154104070165	0.39783323396369413	0.21363508902910072	0.4398661610872577	0.4731480236531619	0.47314802365316183	0.20453635464765907	0.13893732604794146	0.23207858711144058	0.19651356808182818	0.4111100701644343	0.3891517437228564	0.2905311276967657	0.2380664025809963	0.23206237088515164	0.23831412260964324	0.17578254152316983	0.16744027059338237	0	0.19493772307130572	0.47693067949646745	0.4731480236531619	0.2353345586710809
S2136	113193	0.42052730797923044	0.24778153104500075	0.2827941891807418	0.2245764914379743	0.24601240367031268	0.2048278921836581	0.2672166956967932	0.1999472143362387	0.20008919159743202	0.4116601678603007	0.25208015581297666	0.22954582945449914	0.33926271888467063	0.25929777967546636	0.4106471660562238	0.259502550141523	0.4526800931797873	0.4859619557456916	0.4859619557456916	0.2281627583549841	0.19260107713052924	0.2560942717030138	0.22398639907276188	0.423924002256964	0.421522746125015	0.3131326984027295	0.25703200935161397	0.27446207331114797	0.25380389828925826	0.22137677926077173	0.25301950356179465	0.19493772307130572	0	0.48596195574569157	0.48596195574569157	0.2913417857849894
S2893	113194	0.4157507967049665	0.5167455574765987	0.27187784680279703	0.528334615265967	0.5262030077486821	0.46469583062726816	0.30041176770995254	0.3992364302245975	0.40476033197700345	0.12158756982367108	0.2829526783330384	0.5462823916747978	0.20283782876113202	0.41900839194365197	0.12356484171572153	0.3155643777328758	0.09353952962142699	0.07985910734691112	0.07754299556975884	0.3180521111176317	0.4258409660043706	0.2944111816836604	0.3214432171364754	0.1165150124496983	0.11259588490187077	0.3944434479133383	0.2892556253388845	0.2680076921856655	0.3009514102498753	0.32075341549488634	0.3525506033112555	0.47693067949646745	0.48596195574569157	0	0.08034782292321549	0.28944244636654415
SN84	113202	0.43620603587025764	0.5167455574765986	0.2411393362690583	0.5035409348082125	0.5226780389294143	0.4419069438953432	0.3004117677099525	0.375126121179248	0.40476033197700334	0.07688616511940359	0.24628099698482633	0.5462823916747978	0.16177686467098157	0.4131798292188907	0.07531478968946777	0.28365111076529004	0.039508228404211865	0.01835476865304461	0.030572128823868172	0.2812682978294827	0.39842613454803544	0.2637159249046196	0.30998389527816245	0.0643946900233463	0.09219650936906881	0.3944434479133383	0.2574837138205721	0.26031569992111153	0.26871342877629595	0.31612579407767366	0.3469703703514327	0.4731480236531619	0.48596195574569157	0.08034782292321549	0	0.2564172379959346
SN96	113203	0.4091462979504033	0.3235906806948334	0.06001671285168773	0.26190655709273936	0.2874517204614052	0.20379168826059915	0.11619825251522016	0.12602533090505164	0.2689105579051723	0.18387839883141066	0.15807809882340695	0.2990178554612717	0.14248413635915227	0.24954031674062727	0.18110244830646677	0.0411388199683529	0.2231353754300303	0.2564172379959346	0.2564172379959346	0.09417894648080431	0.14403494628354005	0.046109967507022155	0.09842923567914438	0.19437928450720696	0.191978028375258	0.24889177978911495	0.05590567781608531	0.05998790589429249	0.04919265755946474	0.11332697228094356	0.10048450044510247	0.2353345586710809	0.2913417857849894	0.28944244636654415	0.2564172379959346	0
